0.00000000  0.17000000 0.17000000
0.01000000  0.17169987 0.16997515
0.02000000  0.17339957 0.16996492
0.03000000  0.17509922 0.16996918
0.04000000  0.17679898 0.16998774
0.05000000  0.17849900 0.17002043
0.06000000  0.18019942 0.17006708
0.07000000  0.18190039 0.17012756
0.08000000  0.18360202 0.17020171
0.09000000  0.18530446 0.17028937
0.10000000  0.18700785 0.17039040
0.11000000  0.18871232 0.17050465
0.12000000  0.19041799 0.17063199
0.13000000  0.19212500 0.17077226
0.14000000  0.19383348 0.17092533
0.15000000  0.19554355 0.17109108
0.16000000  0.19725534 0.17126935
0.17000000  0.19896898 0.17146003
0.18000000  0.20068458 0.17166298
0.19000000  0.20240228 0.17187809
0.20000000  0.20412219 0.17210522
0.21000000  0.20584442 0.17234425
0.22000000  0.20756911 0.17259507
0.23000000  0.20929636 0.17285756
0.24000000  0.21102630 0.17313160
0.25000000  0.21275903 0.17341708
0.26000000  0.21449468 0.17371389
0.27000000  0.21623335 0.17402192
0.28000000  0.21797516 0.17434107
0.29000000  0.21972021 0.17467122
0.30000000  0.22146862 0.17501228
0.31000000  0.22322049 0.17536414
0.32000000  0.22497594 0.17572671
0.33000000  0.22673506 0.17609989
0.34000000  0.22849797 0.17648358
0.35000000  0.23026477 0.17687768
0.36000000  0.23203556 0.17728211
0.37000000  0.23381045 0.17769677
0.38000000  0.23558953 0.17812158
0.39000000  0.23737291 0.17855645
0.40000000  0.23916070 0.17900130
0.41000000  0.24095298 0.17945603
0.42000000  0.24274985 0.17992057
0.43000000  0.24455142 0.18039484
0.44000000  0.24635778 0.18087875
0.45000000  0.24816902 0.18137224
0.46000000  0.24998525 0.18187521
0.47000000  0.25180655 0.18238760
0.48000000  0.25363303 0.18290934
0.49000000  0.25546477 0.18344035
0.50000000  0.25730186 0.18398055
0.51000000  0.25914440 0.18452989
0.52000000  0.26099249 0.18508828
0.53000000  0.26284620 0.18565567
0.54000000  0.26470563 0.18623198
0.55000000  0.26657087 0.18681716
0.56000000  0.26844201 0.18741115
0.57000000  0.27031913 0.18801387
0.58000000  0.27220231 0.18862527
0.59000000  0.27409166 0.18924529
0.60000000  0.27598725 0.18987387
0.61000000  0.27788917 0.19051096
0.62000000  0.27979750 0.19115649
0.63000000  0.28171232 0.19181042
0.64000000  0.28363373 0.19247268
0.65000000  0.28556180 0.19314323
0.66000000  0.28749662 0.19382201
0.67000000  0.28943827 0.19450898
0.68000000  0.29138683 0.19520407
0.69000000  0.29334238 0.19590726
0.70000000  0.29530500 0.19661847
0.71000000  0.29727477 0.19733768
0.72000000  0.29925178 0.19806483
0.73000000  0.30123610 0.19879988
0.74000000  0.30322780 0.19954279
0.75000000  0.30522698 0.20029350
0.76000000  0.30723370 0.20105199
0.77000000  0.30924804 0.20181820
0.78000000  0.31127009 0.20259210
0.79000000  0.31329991 0.20337365
0.80000000  0.31533759 0.20416281
0.81000000  0.31738319 0.20495954
0.82000000  0.31943680 0.20576380
0.83000000  0.32149849 0.20657556
0.84000000  0.32356834 0.20739479
0.85000000  0.32564641 0.20822144
0.86000000  0.32773279 0.20905549
0.87000000  0.32982755 0.20989689
0.88000000  0.33193075 0.21074563
0.89000000  0.33404249 0.21160166
0.90000000  0.33616281 0.21246496
0.91000000  0.33829181 0.21333550
0.92000000  0.34042955 0.21421324
0.93000000  0.34257610 0.21509816
0.94000000  0.34473153 0.21599023
0.95000000  0.34689593 0.21688942
0.96000000  0.34906934 0.21779570
0.97000000  0.35125186 0.21870906
0.98000000  0.35344355 0.21962945
0.99000000  0.35564447 0.22055687
1.00000000  0.35785471 0.22149128
1.01000000  0.36007432 0.22243267
1.02000000  0.36230339 0.22338100
1.03000000  0.36454197 0.22433626
1.04000000  0.36679013 0.22529842
1.05000000  0.36904796 0.22626747
1.06000000  0.37131551 0.22724338
1.07000000  0.37359285 0.22822613
1.08000000  0.37588005 0.22921570
1.09000000  0.37817718 0.23021208
1.10000000  0.38048432 0.23121525
1.11000000  0.38280151 0.23222518
1.12000000  0.38512884 0.23324187
1.13000000  0.38746637 0.23426529
1.14000000  0.38981417 0.23529544
1.15000000  0.39217230 0.23633228
1.16000000  0.39454084 0.23737582
1.17000000  0.39691984 0.23842603
1.18000000  0.39930938 0.23948290
1.19000000  0.40170952 0.24054642
1.20000000  0.40412033 0.24161657
1.21000000  0.40654188 0.24269335
1.22000000  0.40897422 0.24377673
1.23000000  0.41141744 0.24486672
1.24000000  0.41387158 0.24596329
1.25000000  0.41633672 0.24706644
1.26000000  0.41881293 0.24817616
1.27000000  0.42130027 0.24929244
1.28000000  0.42379880 0.25041527
1.29000000  0.42630860 0.25154464
1.30000000  0.42882972 0.25268054
1.31000000  0.43136223 0.25382297
1.32000000  0.43390620 0.25497191
1.33000000  0.43646169 0.25612737
1.34000000  0.43902877 0.25728934
1.35000000  0.44160750 0.25845780
1.36000000  0.44419794 0.25963276
1.37000000  0.44680017 0.26081421
1.38000000  0.44941425 0.26200215
1.39000000  0.45204024 0.26319657
1.40000000  0.45467820 0.26439747
1.41000000  0.45732821 0.26560485
1.42000000  0.45999032 0.26681870
1.43000000  0.46266461 0.26803902
1.44000000  0.46535112 0.26926581
1.45000000  0.46804994 0.27049907
1.46000000  0.47076113 0.27173880
1.47000000  0.47348474 0.27298500
1.48000000  0.47622085 0.27423766
1.49000000  0.47896952 0.27549680
1.50000000  0.48173081 0.27676241
1.51000000  0.48450479 0.27803448
1.52000000  0.48729152 0.27931304
1.53000000  0.49009107 0.28059807
1.54000000  0.49290350 0.28188958
1.55000000  0.49572888 0.28318757
1.56000000  0.49856727 0.28449206
1.57000000  0.50141874 0.28580303
1.58000000  0.50428336 0.28712050
1.59000000  0.50716118 0.28844447
1.60000000  0.51005227 0.28977495
1.61000000  0.51295670 0.29111195
1.62000000  0.51587453 0.29245546
1.63000000  0.51880583 0.29380550
1.64000000  0.52175066 0.29516208
1.65000000  0.52470909 0.29652521
1.66000000  0.52768119 0.29789488
1.67000000  0.53066701 0.29927112
1.68000000  0.53366663 0.30065393
1.69000000  0.53668011 0.30204332
1.70000000  0.53970752 0.30343930
1.71000000  0.54274892 0.30484188
1.72000000  0.54580438 0.30625108
1.73000000  0.54887396 0.30766691
1.74000000  0.55195774 0.30908938
1.75000000  0.55505577 0.31051850
1.76000000  0.55816813 0.31195429
1.77000000  0.56129488 0.31339676
1.78000000  0.56443609 0.31484592
1.79000000  0.56759182 0.31630180
1.80000000  0.57076215 0.31776440
1.81000000  0.57394713 0.31923375
1.82000000  0.57714685 0.32070986
1.83000000  0.58036136 0.32219274
1.84000000  0.58359073 0.32368243
1.85000000  0.58683503 0.32517893
1.86000000  0.59009433 0.32668226
1.87000000  0.59336870 0.32819245
1.88000000  0.59665820 0.32970951
1.89000000  0.59996291 0.33123348
1.90000000  0.60328290 0.33276436
1.91000000  0.60661822 0.33430218
1.92000000  0.60996896 0.33584696
1.93000000  0.61333519 0.33739874
1.94000000  0.61671696 0.33895752
1.95000000  0.62011436 0.34052335
1.96000000  0.62352745 0.34209623
1.97000000  0.62695631 0.34367621
1.98000000  0.63040100 0.34526330
1.99000000  0.63386160 0.34685754
2.00000000  0.63733818 0.34845896
2.01000000  0.64083081 0.35006757
2.02000000  0.64433956 0.35168342
2.03000000  0.64786450 0.35330654
2.04000000  0.65140571 0.35493695
2.05000000  0.65496327 0.35657468
2.06000000  0.65853723 0.35821978
2.07000000  0.66212769 0.35987228
2.08000000  0.66573470 0.36153220
2.09000000  0.66935836 0.36319959
2.10000000  0.67299872 0.36487448
2.11000000  0.67665587 0.36655691
2.12000000  0.68032988 0.36824692
2.13000000  0.68402084 0.36994455
2.14000000  0.68772880 0.37164983
2.15000000  0.69145386 0.37336281
2.16000000  0.69519609 0.37508353
2.17000000  0.69895556 0.37681203
2.18000000  0.70273235 0.37854836
2.19000000  0.70652655 0.38029257
2.20000000  0.71033823 0.38204468
2.21000000  0.71416748 0.38380476
2.22000000  0.71801436 0.38557286
2.23000000  0.72187896 0.38734901
2.24000000  0.72576137 0.38913327
2.25000000  0.72966165 0.39092569
2.26000000  0.73357991 0.39272633
2.27000000  0.73751621 0.39453523
2.28000000  0.74147064 0.39635245
2.29000000  0.74544329 0.39817805
2.30000000  0.74943423 0.40001208
2.31000000  0.75344356 0.40185460
2.32000000  0.75747135 0.40370567
2.33000000  0.76151770 0.40556535
2.34000000  0.76558269 0.40743371
2.35000000  0.76966641 0.40931079
2.36000000  0.77376894 0.41119668
2.37000000  0.77789038 0.41309143
2.38000000  0.78203080 0.41499511
2.39000000  0.78619031 0.41690779
2.40000000  0.79036899 0.41882953
2.41000000  0.79456693 0.42076042
2.42000000  0.79878423 0.42270052
2.43000000  0.80302097 0.42464990
2.44000000  0.80727726 0.42660865
2.45000000  0.81155318 0.42857684
2.46000000  0.81584883 0.43055454
2.47000000  0.82016430 0.43254184
2.48000000  0.82449970 0.43453882
2.49000000  0.82885512 0.43654557
2.50000000  0.83323065 0.43856216
2.51000000  0.83762640 0.44058869
2.52000000  0.84204246 0.44262524
2.53000000  0.84647894 0.44467190
2.54000000  0.85093594 0.44672877
2.55000000  0.85541355 0.44879594
2.56000000  0.85991189 0.45087350
2.57000000  0.86443106 0.45296156
2.58000000  0.86897116 0.45506021
2.59000000  0.87353230 0.45716955
2.60000000  0.87811458 0.45928969
2.61000000  0.88271813 0.46142074
2.62000000  0.88734304 0.46356279
2.63000000  0.89198942 0.46571597
2.64000000  0.89665739 0.46788038
2.65000000  0.90134707 0.47005614
2.66000000  0.90605855 0.47224337
2.67000000  0.91079197 0.47444217
2.68000000  0.91554744 0.47665268
2.69000000  0.92032507 0.47887502
2.70000000  0.92512498 0.48110931
2.71000000  0.92994729 0.48335568
2.72000000  0.93479213 0.48561427
2.73000000  0.93965962 0.48788520
2.74000000  0.94454988 0.49016861
2.75000000  0.94946304 0.49246465
2.76000000  0.95439922 0.49477344
2.77000000  0.95935855 0.49709514
2.78000000  0.96434116 0.49942989
2.79000000  0.96934719 0.50177785
2.80000000  0.97437677 0.50413916
2.81000000  0.97943002 0.50651397
2.82000000  0.98450709 0.50890245
2.83000000  0.98960812 0.51130477
2.84000000  0.99473324 0.51372107
2.85000000  0.99988259 0.51615154
2.86000000  1.00505632 0.51859634
2.87000000  1.01025456 0.52105564
2.88000000  1.01547748 0.52352964
2.89000000  1.02072521 0.52601849
2.90000000  1.02599790 0.52852240
2.91000000  1.03129571 0.53104155
2.92000000  1.03661879 0.53357613
2.93000000  1.04196729 0.53612633
2.94000000  1.04734137 0.53869235
2.95000000  1.05274119 0.54127441
2.96000000  1.05816691 0.54387270
2.97000000  1.06361870 0.54648743
2.98000000  1.06909671 0.54911882
2.99000000  1.07460113 0.55176710
3.00000000  1.08013212 0.55443248
3.01000000  1.08568984 0.55711519
3.02000000  1.09127448 0.55981547
3.03000000  1.09688621 0.56253354
3.04000000  1.10252521 0.56526966
3.05000000  1.10819167 0.56802406
3.06000000  1.11388576 0.57079700
3.07000000  1.11960767 0.57358873
3.08000000  1.12535760 0.57639952
3.09000000  1.13113573 0.57922962
3.10000000  1.13694226 0.58207931
3.11000000  1.14277738 0.58494887
3.12000000  1.14864130 0.58783857
3.13000000  1.15453422 0.59074870
3.14000000  1.16045635 0.59367956
3.15000000  1.16640788 0.59663144
3.16000000  1.17238905 0.59960465
3.17000000  1.17840005 0.60259949
3.18000000  1.18444111 0.60561629
3.19000000  1.19051245 0.60865536
3.20000000  1.19661429 0.61171703
3.21000000  1.20274687 0.61480163
3.22000000  1.20891040 0.61790952
3.23000000  1.21510514 0.62104102
3.24000000  1.22133131 0.62419651
3.25000000  1.22758915 0.62737634
3.26000000  1.23387892 0.63058088
3.27000000  1.24020085 0.63381050
3.28000000  1.24655521 0.63706559
3.29000000  1.25294225 0.64034654
3.30000000  1.25936223 0.64365374
3.31000000  1.26581542 0.64698761
3.32000000  1.27230208 0.65034856
3.33000000  1.27882248 0.65373701
3.34000000  1.28537691 0.65715340
3.35000000  1.29196564 0.66059815
3.36000000  1.29858897 0.66407173
3.37000000  1.30524718 0.66757459
3.38000000  1.31194056 0.67110720
3.39000000  1.31866943 0.67467003
3.40000000  1.32543407 0.67826356
3.41000000  1.33223480 0.68188830
3.42000000  1.33907194 0.68554475
3.43000000  1.34594581 0.68923343
3.44000000  1.35285672 0.69295485
3.45000000  1.35980501 0.69670957
3.46000000  1.36679103 0.70049813
3.47000000  1.37381509 0.70432108
3.48000000  1.38087757 0.70817900
3.49000000  1.38797880 0.71207247
3.50000000  1.39511914 0.71600208
3.51000000  1.40229896 0.71996845
3.52000000  1.40951863 0.72397218
3.53000000  1.41677853 0.72801392
3.54000000  1.42407904 0.73209430
3.55000000  1.43142055 0.73621399
3.56000000  1.43880345 0.74037366
3.57000000  1.44622816 0.74457400
3.58000000  1.45369507 0.74881570
3.59000000  1.46120461 0.75309949
3.60000000  1.46875721 0.75742609
3.61000000  1.47635328 0.76179625
3.62000000  1.48399328 0.76621074
3.63000000  1.49167765 0.77067032
3.64000000  1.49940684 0.77517581
3.65000000  1.50718132 0.77972800
3.66000000  1.51500156 0.78432774
3.67000000  1.52286804 0.78897586
3.68000000  1.53078124 0.79367323
3.69000000  1.53874167 0.79842074
3.70000000  1.54674983 0.80321929
3.71000000  1.55480623 0.80806980
3.72000000  1.56291140 0.81297323
3.73000000  1.57106588 0.81793053
3.74000000  1.57927020 0.82294269
3.75000000  1.58752492 0.82801073
3.76000000  1.59583060 0.83313566
3.77000000  1.60418783 0.83831855
3.78000000  1.61259717 0.84356046
3.79000000  1.62105924 0.84886250
3.80000000  1.62957463 0.85422581
3.81000000  1.63814396 0.85965153
3.82000000  1.64676787 0.86514083
3.83000000  1.65544700 0.87069493
3.84000000  1.66418199 0.87631505
3.85000000  1.67297353 0.88200246
3.86000000  1.68182227 0.88775844
3.87000000  1.69072893 0.89358431
3.88000000  1.69969420 0.89948143
3.89000000  1.70871880 0.90545117
3.90000000  1.71780347 0.91149496
3.91000000  1.72694895 0.91761424
3.92000000  1.73615601 0.92381048
3.93000000  1.74542542 0.93008522
3.94000000  1.75475798 0.93643999
3.95000000  1.76415450 0.94287640
3.96000000  1.77361579 0.94939606
3.97000000  1.78314270 0.95600066
3.98000000  1.79273609 0.96269189
3.99000000  1.80239684 0.96947151
4.00000000  1.81212582 0.97634131
4.01000000  1.82192397 0.98330312
4.02000000  1.83179220 0.99035883
4.03000000  1.84173147 0.99751037
4.04000000  1.85174274 1.00475971
4.05000000  1.86182700 1.01210888
4.06000000  1.87198526 1.01955997
4.07000000  1.88221854 1.02711509
4.08000000  1.89252791 1.03477643
4.09000000  1.90291443 1.04254623
4.10000000  1.91337921 1.05042679
4.11000000  1.92392335 1.05842048
4.12000000  1.93454800 1.06652969
4.13000000  1.94525434 1.07475693
4.14000000  1.95604355 1.08310472
4.15000000  1.96691685 1.09157569
4.16000000  1.97787548 1.10017250
4.17000000  1.98892073 1.10889792
4.18000000  2.00005388 1.11775478
4.19000000  2.01127627 1.12674597
4.20000000  2.02258926 1.13587448
4.21000000  2.03399423 1.14514337
4.22000000  2.04549261 1.15455577
4.23000000  2.05708584 1.16411492
4.24000000  2.06877541 1.17382413
4.25000000  2.08056284 1.18368683
4.26000000  2.09244967 1.19370651
4.27000000  2.10443750 1.20388679
4.28000000  2.11652795 1.21423137
4.29000000  2.12872269 1.22474406
4.30000000  2.14102341 1.23542878
4.31000000  2.15343185 1.24628956
4.32000000  2.16594980 1.25733056
4.33000000  2.17857908 1.26855604
4.34000000  2.19132156 1.27997038
4.35000000  2.20417914 1.29157812
4.36000000  2.21715378 1.30338391
4.37000000  2.23024749 1.31539253
4.38000000  2.24346232 1.32760894
4.39000000  2.25680038 1.34003821
4.40000000  2.27026382 1.35268558
4.41000000  2.28385484 1.36555644
4.42000000  2.29757571 1.37865635
4.43000000  2.31142875 1.39199106
4.44000000  2.32541634 1.40556648
4.45000000  2.33954091 1.41938868
4.46000000  2.35380496 1.43346397
4.47000000  2.36821105 1.44779881
4.48000000  2.38276182 1.46239990
4.49000000  2.39745996 1.47727415
4.50000000  2.41230824 1.49242867
4.51000000  2.42730950 1.50787083
4.52000000  2.44246665 1.52360822
4.53000000  2.45778268 1.53964866
4.54000000  2.47326066 1.55600027
4.55000000  2.48890375 1.57267142
4.56000000  2.50471518 1.58967076
4.57000000  2.52069829 1.60700724
4.58000000  2.53685648 1.62469009
4.59000000  2.55319328 1.64272889
4.60000000  2.56971228 1.66113352
4.61000000  2.58641720 1.67991420
4.62000000  2.60331186 1.69908153
4.63000000  2.62040016 1.71864645
4.64000000  2.63768615 1.73862033
4.65000000  2.65517397 1.75901492
4.66000000  2.67286789 1.77984237
4.67000000  2.69077231 1.80111531
4.68000000  2.70889173 1.82284679
4.69000000  2.72723082 1.84505039
4.70000000  2.74579436 1.86774013
4.71000000  2.76458729 1.89093060
4.72000000  2.78361469 1.91463689
4.73000000  2.80288180 1.93887472
4.74000000  2.82239402 1.96366037
4.75000000  2.84215690 1.98901074
4.76000000  2.86217618 2.01494339
4.77000000  2.88245777 2.04147657
4.78000000  2.90300777 2.06862924
4.79000000  2.92383249 2.09642112
4.80000000  2.94493840 2.12487271
4.81000000  2.96633221 2.15400534
4.82000000  2.98802085 2.18384120
4.83000000  3.01001146 2.21440339
4.84000000  3.03231142 2.24571594
4.85000000  3.05492836 2.27780389
4.86000000  3.07787017 2.31069337
4.87000000  3.10114500 2.34441156
4.88000000  3.12476126 2.37898682
4.89000000  3.14872769 2.41444872
4.90000000  3.17305330 2.45082814
4.91000000  3.19774742 2.48815729
4.92000000  3.22281973 2.52646978
4.93000000  3.24828022 2.56580076
4.94000000  3.27413926 2.60618695
4.95000000  3.30040760 2.64766671
4.96000000  3.32709638 2.69028016
4.97000000  3.35421713 2.73406929
4.98000000  3.38178183 2.77907805
4.99000000  3.40980291 2.82535244
