0.00000000  0.04000000 0.04000000
0.01000000  0.04040047 0.04009362
0.02000000  0.04080189 0.04019013
0.03000000  0.04120429 0.04028953
0.04000000  0.04160769 0.04039179
0.05000000  0.04201213 0.04049689
0.06000000  0.04241763 0.04060482
0.07000000  0.04282422 0.04071554
0.08000000  0.04323194 0.04082905
0.09000000  0.04364081 0.04094531
0.10000000  0.04405085 0.04106432
0.11000000  0.04446210 0.04118606
0.12000000  0.04487458 0.04131051
0.13000000  0.04528832 0.04143765
0.14000000  0.04570335 0.04156748
0.15000000  0.04611968 0.04169996
0.16000000  0.04653735 0.04183509
0.17000000  0.04695639 0.04197285
0.18000000  0.04737682 0.04211322
0.19000000  0.04779866 0.04225620
0.20000000  0.04822195 0.04240177
0.21000000  0.04864671 0.04254991
0.22000000  0.04907296 0.04270061
0.23000000  0.04950073 0.04285386
0.24000000  0.04993004 0.04300964
0.25000000  0.05036093 0.04316795
0.26000000  0.05079341 0.04332877
0.27000000  0.05122751 0.04349210
0.28000000  0.05166326 0.04365791
0.29000000  0.05210068 0.04382620
0.30000000  0.05253980 0.04399695
0.31000000  0.05298063 0.04417017
0.32000000  0.05342321 0.04434583
0.33000000  0.05386756 0.04452393
0.34000000  0.05431370 0.04470446
0.35000000  0.05476165 0.04488741
0.36000000  0.05521145 0.04507278
0.37000000  0.05566312 0.04526054
0.38000000  0.05611667 0.04545070
0.39000000  0.05657214 0.04564325
0.40000000  0.05702955 0.04583818
0.41000000  0.05748891 0.04603548
0.42000000  0.05795026 0.04623515
0.43000000  0.05841362 0.04643717
0.44000000  0.05887902 0.04664155
0.45000000  0.05934646 0.04684827
0.46000000  0.05981599 0.04705733
0.47000000  0.06028762 0.04726873
0.48000000  0.06076137 0.04748246
0.49000000  0.06123727 0.04769851
0.50000000  0.06171535 0.04791688
0.51000000  0.06219562 0.04813757
0.52000000  0.06267811 0.04836056
0.53000000  0.06316284 0.04858586
0.54000000  0.06364983 0.04881346
0.55000000  0.06413912 0.04904336
0.56000000  0.06463071 0.04927556
0.57000000  0.06512464 0.04951004
0.58000000  0.06562092 0.04974681
0.59000000  0.06611958 0.04998587
0.60000000  0.06662065 0.05022721
0.61000000  0.06712414 0.05047083
0.62000000  0.06763007 0.05071673
0.63000000  0.06813848 0.05096490
0.64000000  0.06864938 0.05121535
0.65000000  0.06916280 0.05146807
0.66000000  0.06967875 0.05172306
0.67000000  0.07019727 0.05198032
0.68000000  0.07071837 0.05223985
0.69000000  0.07124207 0.05250165
0.70000000  0.07176841 0.05276572
0.71000000  0.07229739 0.05303205
0.72000000  0.07282905 0.05330065
0.73000000  0.07336341 0.05357151
0.74000000  0.07390049 0.05384464
0.75000000  0.07444031 0.05412004
0.76000000  0.07498289 0.05439770
0.77000000  0.07552826 0.05467763
0.78000000  0.07607645 0.05495983
0.79000000  0.07662746 0.05524430
0.80000000  0.07718133 0.05553104
0.81000000  0.07773808 0.05582004
0.82000000  0.07829774 0.05611132
0.83000000  0.07886032 0.05640487
0.84000000  0.07942584 0.05670069
0.85000000  0.07999434 0.05699879
0.86000000  0.08056583 0.05729917
0.87000000  0.08114033 0.05760183
0.88000000  0.08171787 0.05790677
0.89000000  0.08229848 0.05821400
0.90000000  0.08288216 0.05852352
0.91000000  0.08346896 0.05883532
0.92000000  0.08405888 0.05914942
0.93000000  0.08465195 0.05946582
0.94000000  0.08524820 0.05978452
0.95000000  0.08584765 0.06010552
0.96000000  0.08645032 0.06042883
0.97000000  0.08705624 0.06075445
0.98000000  0.08766542 0.06108238
0.99000000  0.08827789 0.06141263
1.00000000  0.08889368 0.06174519
1.01000000  0.08951280 0.06208009
1.02000000  0.09013529 0.06241731
1.03000000  0.09076116 0.06275687
1.04000000  0.09139043 0.06309876
1.05000000  0.09202314 0.06344300
1.06000000  0.09265930 0.06378958
1.07000000  0.09329894 0.06413852
1.08000000  0.09394208 0.06448981
1.09000000  0.09458874 0.06484346
1.10000000  0.09523895 0.06519947
1.11000000  0.09589274 0.06555786
1.12000000  0.09655012 0.06591863
1.13000000  0.09721112 0.06628178
1.14000000  0.09787576 0.06664731
1.15000000  0.09854407 0.06701524
1.16000000  0.09921608 0.06738557
1.17000000  0.09989179 0.06775830
1.18000000  0.10057125 0.06813344
1.19000000  0.10125447 0.06851099
1.20000000  0.10194148 0.06889097
1.21000000  0.10263230 0.06927338
1.22000000  0.10332695 0.06965823
1.23000000  0.10402547 0.07004551
1.24000000  0.10472787 0.07043524
1.25000000  0.10543418 0.07082743
1.26000000  0.10614443 0.07122208
1.27000000  0.10685863 0.07161919
1.28000000  0.10757682 0.07201878
1.29000000  0.10829902 0.07242085
1.30000000  0.10902525 0.07282541
1.31000000  0.10975553 0.07323247
1.32000000  0.11048990 0.07364202
1.33000000  0.11122838 0.07405409
1.34000000  0.11197099 0.07446867
1.35000000  0.11271776 0.07488578
1.36000000  0.11346872 0.07530542
1.37000000  0.11422388 0.07572760
1.38000000  0.11498328 0.07615233
1.39000000  0.11574694 0.07657962
1.40000000  0.11651488 0.07700946
1.41000000  0.11728713 0.07744188
1.42000000  0.11806372 0.07787687
1.43000000  0.11884468 0.07831446
1.44000000  0.11963002 0.07875463
1.45000000  0.12041978 0.07919741
1.46000000  0.12121398 0.07964281
1.47000000  0.12201265 0.08009082
1.48000000  0.12281580 0.08054146
1.49000000  0.12362348 0.08099473
1.50000000  0.12443571 0.08145065
1.51000000  0.12525251 0.08190923
1.52000000  0.12607390 0.08237046
1.53000000  0.12689992 0.08283437
1.54000000  0.12773060 0.08330096
1.55000000  0.12856595 0.08377024
1.56000000  0.12940601 0.08424221
1.57000000  0.13025080 0.08471689
1.58000000  0.13110036 0.08519429
1.59000000  0.13195470 0.08567441
1.60000000  0.13281385 0.08615727
1.61000000  0.13367785 0.08664286
1.62000000  0.13454672 0.08713122
1.63000000  0.13542049 0.08762233
1.64000000  0.13629918 0.08811621
1.65000000  0.13718282 0.08861288
1.66000000  0.13807144 0.08911233
1.67000000  0.13896508 0.08961459
1.68000000  0.13986374 0.09011965
1.69000000  0.14076748 0.09062753
1.70000000  0.14167630 0.09113824
1.71000000  0.14259025 0.09165179
1.72000000  0.14350935 0.09216819
1.73000000  0.14443362 0.09268745
1.74000000  0.14536311 0.09320957
1.75000000  0.14629783 0.09373458
1.76000000  0.14723781 0.09426247
1.77000000  0.14818308 0.09479326
1.78000000  0.14913368 0.09532695
1.79000000  0.15008963 0.09586357
1.80000000  0.15105096 0.09640312
1.81000000  0.15201770 0.09694560
1.82000000  0.15298989 0.09749103
1.83000000  0.15396754 0.09803943
1.84000000  0.15495068 0.09859079
1.85000000  0.15593936 0.09914513
1.86000000  0.15693360 0.09970247
1.87000000  0.15793342 0.10026280
1.88000000  0.15893886 0.10082615
1.89000000  0.15994995 0.10139252
1.90000000  0.16096672 0.10196192
1.91000000  0.16198920 0.10253437
1.92000000  0.16301742 0.10310987
1.93000000  0.16405141 0.10368844
1.94000000  0.16509120 0.10427008
1.95000000  0.16613682 0.10485481
1.96000000  0.16718831 0.10544264
1.97000000  0.16824568 0.10603357
1.98000000  0.16930899 0.10662763
1.99000000  0.17037825 0.10722482
2.00000000  0.17145349 0.10782514
2.01000000  0.17253476 0.10842862
2.02000000  0.17362208 0.10903527
2.03000000  0.17471548 0.10964509
2.04000000  0.17581499 0.11025809
2.05000000  0.17692065 0.11087429
2.06000000  0.17803248 0.11149370
2.07000000  0.17915053 0.11211633
2.08000000  0.18027482 0.11274219
2.09000000  0.18140539 0.11337129
2.10000000  0.18254226 0.11400364
2.11000000  0.18368547 0.11463926
2.12000000  0.18483505 0.11527816
2.13000000  0.18599104 0.11592034
2.14000000  0.18715347 0.11656582
2.15000000  0.18832237 0.11721461
2.16000000  0.18949778 0.11786672
2.17000000  0.19067972 0.11852216
2.18000000  0.19186823 0.11918095
2.19000000  0.19306335 0.11984309
2.20000000  0.19426510 0.12050861
2.21000000  0.19547353 0.12117750
2.22000000  0.19668866 0.12184978
2.23000000  0.19791054 0.12252546
2.24000000  0.19913918 0.12320456
2.25000000  0.20037464 0.12388708
2.26000000  0.20161694 0.12457304
2.27000000  0.20286611 0.12526244
2.28000000  0.20412220 0.12595531
2.29000000  0.20538523 0.12665165
2.30000000  0.20665524 0.12735147
2.31000000  0.20793227 0.12805479
2.32000000  0.20921635 0.12876162
2.33000000  0.21050751 0.12947197
2.34000000  0.21180580 0.13018584
2.35000000  0.21311124 0.13090326
2.36000000  0.21442388 0.13162424
2.37000000  0.21574374 0.13234878
2.38000000  0.21707086 0.13307690
2.39000000  0.21840529 0.13380860
2.40000000  0.21974705 0.13454391
2.41000000  0.22109618 0.13528284
2.42000000  0.22245272 0.13602539
2.43000000  0.22381670 0.13677158
2.44000000  0.22518816 0.13752142
2.45000000  0.22656714 0.13827492
2.46000000  0.22795367 0.13903209
2.47000000  0.22934779 0.13979295
2.48000000  0.23074954 0.14055751
2.49000000  0.23215896 0.14132577
2.50000000  0.23357607 0.14209776
2.51000000  0.23500092 0.14287348
2.52000000  0.23643355 0.14365295
2.53000000  0.23787399 0.14443618
2.54000000  0.23932229 0.14522317
2.55000000  0.24077847 0.14601395
2.56000000  0.24224258 0.14680852
2.57000000  0.24371465 0.14760689
2.58000000  0.24519473 0.14840909
2.59000000  0.24668285 0.14921511
2.60000000  0.24817904 0.15002498
2.61000000  0.24968336 0.15083870
2.62000000  0.25119583 0.15165629
2.63000000  0.25271650 0.15247775
2.64000000  0.25424540 0.15330311
2.65000000  0.25578257 0.15413237
2.66000000  0.25732806 0.15496554
2.67000000  0.25888190 0.15580264
2.68000000  0.26044412 0.15664369
2.69000000  0.26201478 0.15748868
2.70000000  0.26359391 0.15833763
2.71000000  0.26518155 0.15919057
2.72000000  0.26677774 0.16004749
2.73000000  0.26838251 0.16090841
2.74000000  0.26999592 0.16177334
2.75000000  0.27161799 0.16264229
2.76000000  0.27324878 0.16351529
2.77000000  0.27488831 0.16439233
2.78000000  0.27653664 0.16527343
2.79000000  0.27819379 0.16615861
2.80000000  0.27985982 0.16704787
2.81000000  0.28153476 0.16794123
2.82000000  0.28321866 0.16883870
2.83000000  0.28491155 0.16974030
2.84000000  0.28661348 0.17064603
2.85000000  0.28832449 0.17155590
2.86000000  0.29004461 0.17246994
2.87000000  0.29177390 0.17338814
2.88000000  0.29351239 0.17431053
2.89000000  0.29526012 0.17523712
2.90000000  0.29701715 0.17616791
2.91000000  0.29878350 0.17710293
2.92000000  0.30055922 0.17804218
2.93000000  0.30234436 0.17898567
2.94000000  0.30413895 0.17993343
2.95000000  0.30594304 0.18088545
2.96000000  0.30775667 0.18184175
2.97000000  0.30957989 0.18280236
2.98000000  0.31141273 0.18376726
2.99000000  0.31325525 0.18473649
3.00000000  0.31510748 0.18571005
3.01000000  0.31696946 0.18668796
3.02000000  0.31884125 0.18767022
3.03000000  0.32072288 0.18865685
3.04000000  0.32261440 0.18964787
3.05000000  0.32451586 0.19064328
3.06000000  0.32642728 0.19164309
3.07000000  0.32834873 0.19264733
3.08000000  0.33028025 0.19365600
3.09000000  0.33222187 0.19466911
3.10000000  0.33417364 0.19568669
3.11000000  0.33613562 0.19670873
3.12000000  0.33810783 0.19773525
3.13000000  0.34009034 0.19876627
3.14000000  0.34208317 0.19980180
3.15000000  0.34408639 0.20084185
3.16000000  0.34610003 0.20188643
3.17000000  0.34812413 0.20293556
3.18000000  0.35015875 0.20398925
3.19000000  0.35220393 0.20504751
3.20000000  0.35425972 0.20611036
3.21000000  0.35632616 0.20717781
3.22000000  0.35840329 0.20824986
3.23000000  0.36049117 0.20932654
3.24000000  0.36258984 0.21040786
3.25000000  0.36469935 0.21149383
3.26000000  0.36681973 0.21258446
3.27000000  0.36895105 0.21367976
3.28000000  0.37109335 0.21477976
3.29000000  0.37324666 0.21588445
3.30000000  0.37541105 0.21699387
3.31000000  0.37758656 0.21810801
3.32000000  0.37977323 0.21922689
3.33000000  0.38197111 0.22035053
3.34000000  0.38418026 0.22147894
3.35000000  0.38640071 0.22261213
3.36000000  0.38863251 0.22375012
3.37000000  0.39087573 0.22489292
3.38000000  0.39313039 0.22604054
3.39000000  0.39539655 0.22719300
3.40000000  0.39767427 0.22835031
3.41000000  0.39996358 0.22951248
3.42000000  0.40226453 0.23067954
3.43000000  0.40457718 0.23185149
3.44000000  0.40690158 0.23302834
3.45000000  0.40923777 0.23421012
3.46000000  0.41158580 0.23539683
3.47000000  0.41394572 0.23658849
3.48000000  0.41631759 0.23778512
3.49000000  0.41870144 0.23898673
3.50000000  0.42109734 0.24019333
3.51000000  0.42350532 0.24140493
3.52000000  0.42592545 0.24262156
3.53000000  0.42835777 0.24384323
3.54000000  0.43080234 0.24506996
3.55000000  0.43325919 0.24630175
3.56000000  0.43572839 0.24753862
3.57000000  0.43820998 0.24878059
3.58000000  0.44070402 0.25002768
3.59000000  0.44321055 0.25127989
3.60000000  0.44572963 0.25253726
3.61000000  0.44826132 0.25379978
3.62000000  0.45080565 0.25506747
3.63000000  0.45336268 0.25634037
3.64000000  0.45593247 0.25761846
3.65000000  0.45851507 0.25890179
3.66000000  0.46111053 0.26019036
3.67000000  0.46371890 0.26148418
3.68000000  0.46634023 0.26278329
3.69000000  0.46897458 0.26408768
3.70000000  0.47162200 0.26539739
3.71000000  0.47428255 0.26671242
3.72000000  0.47695627 0.26803279
3.73000000  0.47964322 0.26935853
3.74000000  0.48234346 0.27068965
3.75000000  0.48505703 0.27202616
3.76000000  0.48778400 0.27336809
3.77000000  0.49052441 0.27471545
3.78000000  0.49327833 0.27606827
3.79000000  0.49604580 0.27742656
3.80000000  0.49882688 0.27879034
3.81000000  0.50162162 0.28015962
3.82000000  0.50443009 0.28153444
3.83000000  0.50725233 0.28291481
3.84000000  0.51008841 0.28430074
3.85000000  0.51293837 0.28569227
3.86000000  0.51580227 0.28708940
3.87000000  0.51868018 0.28849217
3.88000000  0.52157214 0.28990058
3.89000000  0.52447821 0.29131467
3.90000000  0.52739845 0.29273445
3.91000000  0.53033292 0.29415995
3.92000000  0.53328167 0.29559118
3.93000000  0.53624476 0.29702817
3.94000000  0.53922225 0.29847094
3.95000000  0.54221420 0.29991952
3.96000000  0.54522066 0.30137393
3.97000000  0.54824170 0.30283419
3.98000000  0.55127737 0.30430032
3.99000000  0.55432773 0.30577236
4.00000000  0.55739284 0.30725031
4.01000000  0.56047276 0.30873422
4.02000000  0.56356755 0.31022411
4.03000000  0.56667726 0.31171999
4.04000000  0.56980197 0.31322190
4.05000000  0.57294172 0.31472986
4.06000000  0.57609659 0.31624390
4.07000000  0.57926662 0.31776405
4.08000000  0.58245189 0.31929033
4.09000000  0.58565245 0.32082277
4.10000000  0.58886837 0.32236140
4.11000000  0.59209970 0.32390626
4.12000000  0.59534651 0.32545736
4.13000000  0.59860887 0.32701474
4.14000000  0.60188683 0.32857843
4.15000000  0.60518046 0.33014846
4.16000000  0.60848982 0.33172486
4.17000000  0.61181498 0.33330767
4.18000000  0.61515600 0.33489691
4.19000000  0.61851294 0.33649262
4.20000000  0.62188587 0.33809483
4.21000000  0.62527486 0.33970358
4.22000000  0.62867996 0.34131890
4.23000000  0.63210126 0.34294082
4.24000000  0.63553880 0.34456939
4.25000000  0.63899267 0.34620463
4.26000000  0.64246292 0.34784659
4.27000000  0.64594962 0.34949530
4.28000000  0.64945285 0.35115080
4.29000000  0.65297266 0.35281313
4.30000000  0.65650914 0.35448232
4.31000000  0.66006233 0.35615842
4.32000000  0.66363233 0.35784148
4.33000000  0.66721919 0.35953152
4.34000000  0.67082298 0.36122860
4.35000000  0.67444378 0.36293275
4.36000000  0.67808166 0.36464403
4.37000000  0.68173669 0.36636247
4.38000000  0.68540894 0.36808812
4.39000000  0.68909848 0.36982103
4.40000000  0.69280539 0.37156123
4.41000000  0.69652973 0.37330879
4.42000000  0.70027159 0.37506375
4.43000000  0.70403103 0.37682616
4.44000000  0.70780814 0.37859607
4.45000000  0.71160298 0.38037353
4.46000000  0.71541563 0.38215859
4.47000000  0.71924618 0.38395131
4.48000000  0.72309469 0.38575175
4.49000000  0.72696124 0.38755994
4.50000000  0.73084591 0.38937596
4.51000000  0.73474879 0.39119986
4.52000000  0.73866994 0.39303170
4.53000000  0.74260945 0.39487153
4.54000000  0.74656740 0.39671942
4.55000000  0.75054387 0.39857543
4.56000000  0.75453893 0.40043962
4.57000000  0.75855269 0.40231205
4.58000000  0.76258521 0.40419280
4.59000000  0.76663657 0.40608192
4.60000000  0.77070687 0.40797948
4.61000000  0.77479619 0.40988556
4.62000000  0.77890462 0.41180022
4.63000000  0.78303223 0.41372353
4.64000000  0.78717912 0.41565556
4.65000000  0.79134537 0.41759640
4.66000000  0.79553108 0.41954611
4.67000000  0.79973632 0.42150477
4.68000000  0.80396120 0.42347245
4.69000000  0.80820581 0.42544925
4.70000000  0.81247022 0.42743523
4.71000000  0.81675454 0.42943049
4.72000000  0.82105887 0.43143510
4.73000000  0.82538328 0.43344916
4.74000000  0.82972788 0.43547274
4.75000000  0.83409277 0.43750594
4.76000000  0.83847804 0.43954884
4.77000000  0.84288378 0.44160154
4.78000000  0.84731010 0.44366413
4.79000000  0.85175710 0.44573671
4.80000000  0.85622487 0.44781938
4.81000000  0.86071352 0.44991223
4.82000000  0.86522315 0.45201536
4.83000000  0.86975386 0.45412889
4.84000000  0.87430576 0.45625290
4.85000000  0.87887896 0.45838752
4.86000000  0.88347355 0.46053284
4.87000000  0.88808965 0.46268898
4.88000000  0.89272737 0.46485606
4.89000000  0.89738681 0.46703418
4.90000000  0.90206809 0.46922346
4.91000000  0.90677132 0.47142403
4.92000000  0.91149661 0.47363600
4.93000000  0.91624408 0.47585950
4.94000000  0.92101384 0.47809465
4.95000000  0.92580601 0.48034159
4.96000000  0.93062071 0.48260044
4.97000000  0.93545806 0.48487134
4.98000000  0.94031818 0.48715442
4.99000000  0.94520119 0.48944982
