0.00000000  0.02998806 0.03006960
0.01000000  0.03032084 0.03060389
0.02000000  0.03063819 0.03116833
0.03000000  0.03088976 0.03184600
0.04000000  0.03120099 0.03239770
0.05000000  0.03152287 0.03302574
0.06000000  0.03188872 0.03352572
0.07000000  0.03230063 0.03419304
0.08000000  0.03261388 0.03470621
0.09000000  0.03298288 0.03521757
0.10000000  0.03330164 0.03578170
0.11000000  0.03363609 0.03633293
0.12000000  0.03400537 0.03682520
0.13000000  0.03437636 0.03745675
0.14000000  0.03481981 0.03794321
0.15000000  0.03513929 0.03849997
0.16000000  0.03550965 0.03895024
0.17000000  0.03592782 0.03941393
0.18000000  0.03635783 0.03994172
0.19000000  0.03672831 0.04036534
0.20000000  0.03712064 0.04085567
0.21000000  0.03759206 0.04142665
0.22000000  0.03794617 0.04186941
0.23000000  0.03836424 0.04240447
0.24000000  0.03879528 0.04281087
0.25000000  0.03924833 0.04334790
0.26000000  0.03967874 0.04376990
0.27000000  0.04013607 0.04420191
0.28000000  0.04057357 0.04459051
0.29000000  0.04104050 0.04509244
0.30000000  0.04149635 0.04546773
0.31000000  0.04194868 0.04587870
0.32000000  0.04237380 0.04636407
0.33000000  0.04282535 0.04665017
0.34000000  0.04325732 0.04712641
0.35000000  0.04376359 0.04755369
0.36000000  0.04423168 0.04795334
0.37000000  0.04480194 0.04831085
0.38000000  0.04521524 0.04866239
0.39000000  0.04575554 0.04909131
0.40000000  0.04616613 0.04942197
0.41000000  0.04661950 0.04974300
0.42000000  0.04714757 0.05018033
0.43000000  0.04775421 0.05053527
0.44000000  0.04820144 0.05090588
0.45000000  0.04874685 0.05126136
0.46000000  0.04922065 0.05165979
0.47000000  0.04975869 0.05184535
0.48000000  0.05029603 0.05217527
0.49000000  0.05093345 0.05256299
0.50000000  0.05133450 0.05281386
0.51000000  0.05182769 0.05316486
0.52000000  0.05236126 0.05346537
0.53000000  0.05291984 0.05391211
0.54000000  0.05350051 0.05419784
0.55000000  0.05406050 0.05440364
0.56000000  0.05463548 0.05482451
0.57000000  0.05522613 0.05503812
0.58000000  0.05564888 0.05535712
0.59000000  0.05614227 0.05553965
0.60000000  0.05671957 0.05592077
0.61000000  0.05724911 0.05617265
0.62000000  0.05781598 0.05640928
0.63000000  0.05845972 0.05666465
0.64000000  0.05916293 0.05701153
0.65000000  0.05958839 0.05723331
0.66000000  0.06015694 0.05738512
0.67000000  0.06068873 0.05777435
0.68000000  0.06127287 0.05790728
0.69000000  0.06187922 0.05820701
0.70000000  0.06253377 0.05850194
0.71000000  0.06304703 0.05873472
0.72000000  0.06366363 0.05881148
0.73000000  0.06432029 0.05909614
0.74000000  0.06477938 0.05941561
0.75000000  0.06551263 0.05966407
0.76000000  0.06603778 0.05982936
0.77000000  0.06669491 0.05993457
0.78000000  0.06732419 0.06028283
0.79000000  0.06787664 0.06043283
0.80000000  0.06852836 0.06056446
0.81000000  0.06898867 0.06067815
0.82000000  0.06968378 0.06094840
0.83000000  0.07026912 0.06131199
0.84000000  0.07082984 0.06149338
0.85000000  0.07161178 0.06156592
0.86000000  0.07209698 0.06184294
0.87000000  0.07272243 0.06197353
0.88000000  0.07332782 0.06215998
0.89000000  0.07402826 0.06227506
0.90000000  0.07453726 0.06249224
0.91000000  0.07520157 0.06251702
0.92000000  0.07588920 0.06276087
0.93000000  0.07640666 0.06292381
0.94000000  0.07718827 0.06310709
0.95000000  0.07771850 0.06319777
0.96000000  0.07859729 0.06331147
0.97000000  0.07897818 0.06349529
0.98000000  0.07963607 0.06363143
0.99000000  0.08023458 0.06376308
1.00000000  0.08086849 0.06391935
1.01000000  0.08166013 0.06412134
1.02000000  0.08206955 0.06418608
1.03000000  0.08273356 0.06434006
1.04000000  0.08342341 0.06450760
1.05000000  0.08413975 0.06450238
1.06000000  0.08490394 0.06467825
1.07000000  0.08546319 0.06476084
1.08000000  0.08613888 0.06489031
1.09000000  0.08662756 0.06494449
1.10000000  0.08734324 0.06519256
1.11000000  0.08802993 0.06524331
1.12000000  0.08869352 0.06526261
1.13000000  0.08951361 0.06540632
1.14000000  0.09007052 0.06554784
1.15000000  0.09060370 0.06557749
1.16000000  0.09140261 0.06563781
1.17000000  0.09189279 0.06582672
1.18000000  0.09236753 0.06580480
1.19000000  0.09346007 0.06612381
1.20000000  0.09392661 0.06592520
1.21000000  0.09454789 0.06610183
1.22000000  0.09526747 0.06608615
1.23000000  0.09590803 0.06620732
1.24000000  0.09664467 0.06639788
1.25000000  0.09706202 0.06635853
1.26000000  0.09784771 0.06642175
1.27000000  0.09859979 0.06647834
1.28000000  0.09931687 0.06662165
1.29000000  0.09984493 0.06657738
1.30000000  0.10066933 0.06659751
1.31000000  0.10149412 0.06670351
1.32000000  0.10210093 0.06689207
1.33000000  0.10260334 0.06698775
1.34000000  0.10316937 0.06691208
1.35000000  0.10391693 0.06692108
1.36000000  0.10449320 0.06695069
1.37000000  0.10539176 0.06703080
1.38000000  0.10597785 0.06716475
1.39000000  0.10648967 0.06722022
1.40000000  0.10732202 0.06714829
1.41000000  0.10791923 0.06709794
1.42000000  0.10851794 0.06716436
1.43000000  0.10923405 0.06729873
1.44000000  0.10988903 0.06736074
1.45000000  0.11056162 0.06728187
1.46000000  0.11126893 0.06731608
1.47000000  0.11183614 0.06735844
1.48000000  0.11277454 0.06725837
1.49000000  0.11337022 0.06745013
1.50000000  0.11380540 0.06732570
1.51000000  0.11478331 0.06741772
1.52000000  0.11537293 0.06740113
1.53000000  0.11600323 0.06759924
1.54000000  0.11665757 0.06743371
1.55000000  0.11749982 0.06738498
1.56000000  0.11787932 0.06735511
1.57000000  0.11869572 0.06754720
1.58000000  0.11941277 0.06742718
1.59000000  0.12025951 0.06751023
1.60000000  0.12060880 0.06742815
1.61000000  0.12141698 0.06747880
1.62000000  0.12197637 0.06738809
1.63000000  0.12300828 0.06747626
1.64000000  0.12345121 0.06753557
1.65000000  0.12398520 0.06735946
1.66000000  0.12478312 0.06756207
1.67000000  0.12540073 0.06755977
1.68000000  0.12619816 0.06753663
1.69000000  0.12675426 0.06742721
1.70000000  0.12755536 0.06732183
1.71000000  0.12804859 0.06739667
1.72000000  0.12891758 0.06739871
1.73000000  0.12949919 0.06748561
1.74000000  0.13017373 0.06729615
1.75000000  0.13105950 0.06737810
1.76000000  0.13161161 0.06731100
1.77000000  0.13232268 0.06733585
1.78000000  0.13294444 0.06722533
1.79000000  0.13356389 0.06718246
1.80000000  0.13409201 0.06708245
1.81000000  0.13500306 0.06715971
1.82000000  0.13562513 0.06703114
1.83000000  0.13642252 0.06698000
1.84000000  0.13697702 0.06709166
1.85000000  0.13744144 0.06689479
1.86000000  0.13818105 0.06699384
1.87000000  0.13900799 0.06692950
1.88000000  0.13985010 0.06700395
1.89000000  0.14025964 0.06684122
1.90000000  0.14091754 0.06673205
1.91000000  0.14153583 0.06678147
1.92000000  0.14219596 0.06683600
1.93000000  0.14285089 0.06669673
1.94000000  0.14363208 0.06665497
1.95000000  0.14407918 0.06662942
1.96000000  0.14483331 0.06671353
1.97000000  0.14534457 0.06654009
1.98000000  0.14627934 0.06653809
1.99000000  0.14699008 0.06653016
2.00000000  0.14726761 0.06643685
2.01000000  0.14820836 0.06629517
2.02000000  0.14876012 0.06615641
2.03000000  0.14946507 0.06620895
2.04000000  0.15031665 0.06626286
2.05000000  0.15080098 0.06605850
2.06000000  0.15136399 0.06601696
2.07000000  0.15228383 0.06605286
2.08000000  0.15299259 0.06590663
2.09000000  0.15333551 0.06587575
2.10000000  0.15423750 0.06593411
2.11000000  0.15495416 0.06579883
2.12000000  0.15577994 0.06564228
2.13000000  0.15641698 0.06567426
2.14000000  0.15681549 0.06569379
2.15000000  0.15733250 0.06550379
2.16000000  0.15800225 0.06533971
2.17000000  0.15865190 0.06534548
2.18000000  0.15944490 0.06537076
2.19000000  0.16022168 0.06530563
2.20000000  0.16092295 0.06520885
2.21000000  0.16140105 0.06516469
2.22000000  0.16182494 0.06498965
2.23000000  0.16281959 0.06493653
2.24000000  0.16316904 0.06494969
2.25000000  0.16401413 0.06483329
2.26000000  0.16457028 0.06482883
2.27000000  0.16515816 0.06465523
2.28000000  0.16594546 0.06457047
2.29000000  0.16666279 0.06461894
2.30000000  0.16709660 0.06449207
2.31000000  0.16795919 0.06432410
2.32000000  0.16841489 0.06433744
2.33000000  0.16924748 0.06429299
2.34000000  0.16981599 0.06423974
2.35000000  0.17002690 0.06414994
2.36000000  0.17132192 0.06397901
2.37000000  0.17177215 0.06387150
2.38000000  0.17236176 0.06389475
2.39000000  0.17330240 0.06365666
2.40000000  0.17343132 0.06383492
2.41000000  0.17440559 0.06359374
2.42000000  0.17512699 0.06364860
2.43000000  0.17558215 0.06360657
2.44000000  0.17602278 0.06347252
2.45000000  0.17689441 0.06322145
2.46000000  0.17786275 0.06318845
2.47000000  0.17795540 0.06320430
2.48000000  0.17867290 0.06312203
2.49000000  0.17941298 0.06307864
2.50000000  0.18036029 0.06308627
2.51000000  0.18068990 0.06294328
2.52000000  0.18120571 0.06282849
2.53000000  0.18164378 0.06283587
2.54000000  0.18242156 0.06267632
2.55000000  0.18299440 0.06252665
2.56000000  0.18397004 0.06240935
2.57000000  0.18421799 0.06236261
2.58000000  0.18521406 0.06239707
2.59000000  0.18584221 0.06228455
2.60000000  0.18619542 0.06214670
2.61000000  0.18710007 0.06213488
2.62000000  0.18747261 0.06183489
2.63000000  0.18821656 0.06195271
2.64000000  0.18861729 0.06187832
2.65000000  0.18899434 0.06174429
2.66000000  0.18975100 0.06160872
2.67000000  0.19063028 0.06147383
2.68000000  0.19132135 0.06149407
2.69000000  0.19188115 0.06146413
2.70000000  0.19235906 0.06124127
2.71000000  0.19298107 0.06120817
2.72000000  0.19367694 0.06111382
2.73000000  0.19436659 0.06105528
2.74000000  0.19480825 0.06089068
2.75000000  0.19569589 0.06087245
2.76000000  0.19620841 0.06067027
2.77000000  0.19684395 0.06061949
2.78000000  0.19717951 0.06053744
2.79000000  0.19774934 0.06054308
2.80000000  0.19879589 0.06036229
2.81000000  0.19915677 0.06030534
2.82000000  0.19942931 0.06020091
2.83000000  0.20003221 0.06017679
2.84000000  0.20076377 0.05999662
2.85000000  0.20164892 0.05999670
2.86000000  0.20205544 0.05981513
2.87000000  0.20256654 0.05975299
2.88000000  0.20314337 0.05969455
2.89000000  0.20381054 0.05956917
2.90000000  0.20458789 0.05961522
2.91000000  0.20490592 0.05946856
2.92000000  0.20581818 0.05931098
2.93000000  0.20617490 0.05917585
2.94000000  0.20697409 0.05914533
2.95000000  0.20723310 0.05908706
2.96000000  0.20759150 0.05882796
2.97000000  0.20864273 0.05885323
2.98000000  0.20926963 0.05891095
2.99000000  0.20983032 0.05859064
3.00000000  0.21043673 0.05860030
3.01000000  0.21040104 0.05859965
3.02000000  0.21144128 0.05844636
3.03000000  0.21195348 0.05836691
3.04000000  0.21290127 0.05820229
3.05000000  0.21333524 0.05802973
3.06000000  0.21387308 0.05802949
3.07000000  0.21444941 0.05793473
3.08000000  0.21496109 0.05781904
3.09000000  0.21536849 0.05782969
3.10000000  0.21608525 0.05761527
3.11000000  0.21708496 0.05757277
3.12000000  0.21718588 0.05751849
3.13000000  0.21741014 0.05742251
3.14000000  0.21841920 0.05739367
3.15000000  0.21851479 0.05723087
3.16000000  0.21955228 0.05711909
3.17000000  0.22038122 0.05700636
3.18000000  0.22082262 0.05699248
3.19000000  0.22101244 0.05688954
3.20000000  0.22195396 0.05668964
3.21000000  0.22241961 0.05670874
3.22000000  0.22300007 0.05665127
3.23000000  0.22355386 0.05640587
3.24000000  0.22396649 0.05641718
3.25000000  0.22448142 0.05634424
3.26000000  0.22529370 0.05621595
3.27000000  0.22582947 0.05604855
3.28000000  0.22644652 0.05603998
3.29000000  0.22746167 0.05595459
3.30000000  0.22725219 0.05589070
3.31000000  0.22799102 0.05575813
3.32000000  0.22872594 0.05567464
3.33000000  0.22974536 0.05558565
3.34000000  0.22997916 0.05548753
3.35000000  0.23038245 0.05538212
3.36000000  0.23119752 0.05530650
3.37000000  0.23183171 0.05516463
3.38000000  0.23217800 0.05507849
3.39000000  0.23253437 0.05504224
3.40000000  0.23286865 0.05498475
3.41000000  0.23355479 0.05483452
3.42000000  0.23425679 0.05481818
3.43000000  0.23494018 0.05468540
3.44000000  0.23510768 0.05459320
3.45000000  0.23563582 0.05441597
3.46000000  0.23653318 0.05429957
3.47000000  0.23691717 0.05422687
3.48000000  0.23732610 0.05427625
3.49000000  0.23839814 0.05416896
3.50000000  0.23825829 0.05400712
3.51000000  0.23870052 0.05393381
3.52000000  0.23969099 0.05390004
3.53000000  0.24012670 0.05369422
3.54000000  0.24063690 0.05377247
3.55000000  0.24128476 0.05360887
3.56000000  0.24170257 0.05350435
3.57000000  0.24220374 0.05348042
3.58000000  0.24269245 0.05347440
3.59000000  0.24314383 0.05327088
3.60000000  0.24380591 0.05316700
3.61000000  0.24430939 0.05303527
3.62000000  0.24475882 0.05305133
3.63000000  0.24539878 0.05291125
3.64000000  0.24609491 0.05294253
3.65000000  0.24647387 0.05273217
3.66000000  0.24705680 0.05260211
3.67000000  0.24727558 0.05256857
3.68000000  0.24783417 0.05250823
3.69000000  0.24873137 0.05233359
3.70000000  0.24952921 0.05236456
3.71000000  0.24997530 0.05226152
3.72000000  0.25037794 0.05223579
3.73000000  0.25046142 0.05210996
3.74000000  0.25151890 0.05201727
3.75000000  0.25142867 0.05187327
3.76000000  0.25221281 0.05184057
3.77000000  0.25284621 0.05170225
3.78000000  0.25356650 0.05166595
3.79000000  0.25385611 0.05156285
3.80000000  0.25453788 0.05147577
3.81000000  0.25463951 0.05135092
3.82000000  0.25553869 0.05131421
3.83000000  0.25593933 0.05125466
3.84000000  0.25663474 0.05107626
3.85000000  0.25702740 0.05109085
3.86000000  0.25751017 0.05100881
3.87000000  0.25831724 0.05086972
3.88000000  0.25861127 0.05082399
3.89000000  0.25931416 0.05081935
3.90000000  0.25944603 0.05061323
3.91000000  0.25970726 0.05053421
3.92000000  0.26058373 0.05049795
3.93000000  0.26057817 0.05044598
3.94000000  0.26187152 0.05037463
3.95000000  0.26212635 0.05028960
3.96000000  0.26297298 0.05023832
3.97000000  0.26313909 0.05017503
3.98000000  0.26364156 0.05009527
3.99000000  0.26378985 0.04999006
4.00000000  0.26459112 0.04991318
4.01000000  0.26498746 0.04979826
4.02000000  0.26544501 0.04969084
4.03000000  0.26614876 0.04964138
4.04000000  0.26688900 0.04965679
4.05000000  0.26655109 0.04957965
4.06000000  0.26744318 0.04943853
4.07000000  0.26821465 0.04930924
4.08000000  0.26843287 0.04922516
4.09000000  0.26894615 0.04914444
4.10000000  0.26988770 0.04909301
4.11000000  0.26981507 0.04906794
4.12000000  0.27002757 0.04894051
4.13000000  0.27133969 0.04889487
4.14000000  0.27127759 0.04879086
4.15000000  0.27161894 0.04883825
4.16000000  0.27260985 0.04861031
4.17000000  0.27289645 0.04858184
4.18000000  0.27353782 0.04847137
4.19000000  0.27373327 0.04848417
4.20000000  0.27420682 0.04836856
4.21000000  0.27470401 0.04827677
4.22000000  0.27534753 0.04817236
4.23000000  0.27583901 0.04810870
4.24000000  0.27623424 0.04805233
4.25000000  0.27678488 0.04800402
4.26000000  0.27676128 0.04787273
4.27000000  0.27750877 0.04780219
4.28000000  0.27809500 0.04779234
4.29000000  0.27844566 0.04770035
4.30000000  0.27892109 0.04773662
4.31000000  0.27966105 0.04761455
4.32000000  0.28022041 0.04753711
4.33000000  0.28038119 0.04743985
4.34000000  0.28120017 0.04734140
4.35000000  0.28143970 0.04732579
4.36000000  0.28267710 0.04727463
4.37000000  0.28279467 0.04714425
4.38000000  0.28280781 0.04713109
4.39000000  0.28347731 0.04698653
4.40000000  0.28408669 0.04685182
4.41000000  0.28407338 0.04677012
4.42000000  0.28481340 0.04680706
4.43000000  0.28543877 0.04669680
4.44000000  0.28558611 0.04669879
4.45000000  0.28641853 0.04651816
4.46000000  0.28686701 0.04644484
4.47000000  0.28694951 0.04645131
4.48000000  0.28725855 0.04652705
4.49000000  0.28805118 0.04634961
4.50000000  0.28863612 0.04632685
4.51000000  0.28944933 0.04620005
4.52000000  0.28962738 0.04613681
4.53000000  0.28959554 0.04611501
4.54000000  0.29014389 0.04599615
4.55000000  0.29091675 0.04602338
4.56000000  0.29107364 0.04585496
4.57000000  0.29193351 0.04580270
4.58000000  0.29242647 0.04575497
4.59000000  0.29268138 0.04566785
4.60000000  0.29334009 0.04563022
4.61000000  0.29384410 0.04552588
4.62000000  0.29444769 0.04554093
4.63000000  0.29462198 0.04547572
4.64000000  0.29467220 0.04535696
4.65000000  0.29503825 0.04531029
4.66000000  0.29660492 0.04524141
4.67000000  0.29639310 0.04516481
4.68000000  0.29648601 0.04512866
4.69000000  0.29749199 0.04497510
4.70000000  0.29752391 0.04506270
4.71000000  0.29804915 0.04492891
4.72000000  0.29875116 0.04491295
4.73000000  0.29918108 0.04481999
4.74000000  0.29934159 0.04473790
4.75000000  0.29972506 0.04471861
4.76000000  0.30006170 0.04464986
4.77000000  0.30100787 0.04458090
4.78000000  0.30117577 0.04456144
4.79000000  0.30212861 0.04448717
4.80000000  0.30206531 0.04443158
4.81000000  0.30238358 0.04432324
4.82000000  0.30259356 0.04433897
4.83000000  0.30370642 0.04436044
4.84000000  0.30437334 0.04424313
4.85000000  0.30430209 0.04409420
4.86000000  0.30532466 0.04400955
4.87000000  0.30534740 0.04399202
4.88000000  0.30538309 0.04393579
4.89000000  0.30596435 0.04390009
4.90000000  0.30652981 0.04382963
4.91000000  0.30642598 0.04375218
4.92000000  0.30779669 0.04375331
4.93000000  0.30813106 0.04367424
4.94000000  0.30839729 0.04358808
4.95000000  0.30872503 0.04361346
4.96000000  0.30933621 0.04348392
4.97000000  0.30967274 0.04356079
4.98000000  0.31034217 0.04333019
4.99000000  0.31017884 0.04333968
