0.00000000  0.16000000 0.16000000
0.01000000  0.16159994 0.15998917
0.02000000  0.16319984 0.15999210
0.03000000  0.16479983 0.16000866
0.04000000  0.16640004 0.16003869
0.05000000  0.16800063 0.16008201
0.06000000  0.16960172 0.16013849
0.07000000  0.17120344 0.16020797
0.08000000  0.17280592 0.16029033
0.09000000  0.17440929 0.16038542
0.10000000  0.17601367 0.16049311
0.11000000  0.17761919 0.16061325
0.12000000  0.17922597 0.16074572
0.13000000  0.18083415 0.16089038
0.14000000  0.18244382 0.16104711
0.15000000  0.18405513 0.16121578
0.16000000  0.18566818 0.16139627
0.17000000  0.18728309 0.16158845
0.18000000  0.18889999 0.16179221
0.19000000  0.19051898 0.16200744
0.20000000  0.19214017 0.16223400
0.21000000  0.19376370 0.16247181
0.22000000  0.19538965 0.16272074
0.23000000  0.19701815 0.16298068
0.24000000  0.19864930 0.16325152
0.25000000  0.20028321 0.16353318
0.26000000  0.20192000 0.16382553
0.27000000  0.20355976 0.16412848
0.28000000  0.20520260 0.16444193
0.29000000  0.20684863 0.16476578
0.30000000  0.20849795 0.16509994
0.31000000  0.21015067 0.16544431
0.32000000  0.21180687 0.16579881
0.33000000  0.21346668 0.16616333
0.34000000  0.21513017 0.16653780
0.35000000  0.21679747 0.16692212
0.36000000  0.21846865 0.16731621
0.37000000  0.22014383 0.16771999
0.38000000  0.22182309 0.16813337
0.39000000  0.22350653 0.16855627
0.40000000  0.22519425 0.16898862
0.41000000  0.22688633 0.16943033
0.42000000  0.22858288 0.16988133
0.43000000  0.23028399 0.17034155
0.44000000  0.23198975 0.17081091
0.45000000  0.23370024 0.17128935
0.46000000  0.23541556 0.17177677
0.47000000  0.23713580 0.17227313
0.48000000  0.23886105 0.17277836
0.49000000  0.24059139 0.17329237
0.50000000  0.24232692 0.17381511
0.51000000  0.24406772 0.17434652
0.52000000  0.24581387 0.17488652
0.53000000  0.24756547 0.17543507
0.54000000  0.24932260 0.17599209
0.55000000  0.25108535 0.17655753
0.56000000  0.25285378 0.17713133
0.57000000  0.25462800 0.17771344
0.58000000  0.25640808 0.17830379
0.59000000  0.25819411 0.17890234
0.60000000  0.25998616 0.17950903
0.61000000  0.26178431 0.18012380
0.62000000  0.26358866 0.18074661
0.63000000  0.26539927 0.18137741
0.64000000  0.26721623 0.18201614
0.65000000  0.26903962 0.18266275
0.66000000  0.27086951 0.18331721
0.67000000  0.27270599 0.18397945
0.68000000  0.27454913 0.18464944
0.69000000  0.27639900 0.18532713
0.70000000  0.27825570 0.18601248
0.71000000  0.28011928 0.18670544
0.72000000  0.28198983 0.18740597
0.73000000  0.28386742 0.18811404
0.74000000  0.28575214 0.18882959
0.75000000  0.28764404 0.18955260
0.76000000  0.28954321 0.19028302
0.77000000  0.29144973 0.19102081
0.78000000  0.29336365 0.19176594
0.79000000  0.29528507 0.19251836
0.80000000  0.29721404 0.19327806
0.81000000  0.29915065 0.19404499
0.82000000  0.30109497 0.19481911
0.83000000  0.30304706 0.19560039
0.84000000  0.30500700 0.19638881
0.85000000  0.30697486 0.19718433
0.86000000  0.30895071 0.19798691
0.87000000  0.31093462 0.19879654
0.88000000  0.31292666 0.19961317
0.89000000  0.31492691 0.20043678
0.90000000  0.31693542 0.20126734
0.91000000  0.31895228 0.20210483
0.92000000  0.32097754 0.20294921
0.93000000  0.32301128 0.20380047
0.94000000  0.32505357 0.20465857
0.95000000  0.32710448 0.20552349
0.96000000  0.32916407 0.20639520
0.97000000  0.33123240 0.20727369
0.98000000  0.33330956 0.20815893
0.99000000  0.33539561 0.20905089
1.00000000  0.33749060 0.20994955
1.01000000  0.33959462 0.21085490
1.02000000  0.34170772 0.21176692
1.03000000  0.34382998 0.21268557
1.04000000  0.34596145 0.21361084
1.05000000  0.34810222 0.21454272
1.06000000  0.35025233 0.21548118
1.07000000  0.35241186 0.21642621
1.08000000  0.35458088 0.21737779
1.09000000  0.35675944 0.21833589
1.10000000  0.35894762 0.21930052
1.11000000  0.36114547 0.22027164
1.12000000  0.36335307 0.22124924
1.13000000  0.36557048 0.22223331
1.14000000  0.36779776 0.22322384
1.15000000  0.37003498 0.22422080
1.16000000  0.37228220 0.22522419
1.17000000  0.37453948 0.22623400
1.18000000  0.37680690 0.22725020
1.19000000  0.37908451 0.22827279
1.20000000  0.38137238 0.22930176
1.21000000  0.38367057 0.23033710
1.22000000  0.38597914 0.23137878
1.23000000  0.38829816 0.23242682
1.24000000  0.39062770 0.23348118
1.25000000  0.39296781 0.23454187
1.26000000  0.39531856 0.23560888
1.27000000  0.39768001 0.23668219
1.28000000  0.40005222 0.23776180
1.29000000  0.40243526 0.23884770
1.30000000  0.40482920 0.23993989
1.31000000  0.40723408 0.24103835
1.32000000  0.40964999 0.24214308
1.33000000  0.41207697 0.24325408
1.34000000  0.41451509 0.24437133
1.35000000  0.41696441 0.24549484
1.36000000  0.41942501 0.24662460
1.37000000  0.42189693 0.24776060
1.38000000  0.42438024 0.24890283
1.39000000  0.42687500 0.25005131
1.40000000  0.42938129 0.25120601
1.41000000  0.43189914 0.25236695
1.42000000  0.43442864 0.25353411
1.43000000  0.43696985 0.25470750
1.44000000  0.43952282 0.25588712
1.45000000  0.44208761 0.25707295
1.46000000  0.44466430 0.25826501
1.47000000  0.44725293 0.25946328
1.48000000  0.44985358 0.26066778
1.49000000  0.45246631 0.26187850
1.50000000  0.45509117 0.26309543
1.51000000  0.45772824 0.26431860
1.52000000  0.46037757 0.26554798
1.53000000  0.46303922 0.26678359
1.54000000  0.46571326 0.26802543
1.55000000  0.46839975 0.26927350
1.56000000  0.47109875 0.27052781
1.57000000  0.47381032 0.27178835
1.58000000  0.47653454 0.27305513
1.59000000  0.47927145 0.27432815
1.60000000  0.48202112 0.27560743
1.61000000  0.48478362 0.27689296
1.62000000  0.48755900 0.27818475
1.63000000  0.49034733 0.27948281
1.64000000  0.49314868 0.28078713
1.65000000  0.49596310 0.28209774
1.66000000  0.49879065 0.28341463
1.67000000  0.50163141 0.28473782
1.68000000  0.50448543 0.28606731
1.69000000  0.50735278 0.28740310
1.70000000  0.51023351 0.28874521
1.71000000  0.51312770 0.29009365
1.72000000  0.51603541 0.29144843
1.73000000  0.51895669 0.29280955
1.74000000  0.52189162 0.29417703
1.75000000  0.52484026 0.29555088
1.76000000  0.52780266 0.29693111
1.77000000  0.53077890 0.29831772
1.78000000  0.53376904 0.29971074
1.79000000  0.53677314 0.30111018
1.80000000  0.53979126 0.30251604
1.81000000  0.54282348 0.30392835
1.82000000  0.54586985 0.30534711
1.83000000  0.54893044 0.30677235
1.84000000  0.55200532 0.30820407
1.85000000  0.55509455 0.30964229
1.86000000  0.55819819 0.31108702
1.87000000  0.56131631 0.31253829
1.88000000  0.56444898 0.31399612
1.89000000  0.56759626 0.31546051
1.90000000  0.57075821 0.31693148
1.91000000  0.57393491 0.31840906
1.92000000  0.57712642 0.31989327
1.93000000  0.58033280 0.32138412
1.94000000  0.58355412 0.32288163
1.95000000  0.58679045 0.32438582
1.96000000  0.59004186 0.32589672
1.97000000  0.59330841 0.32741435
1.98000000  0.59659017 0.32893873
1.99000000  0.59988721 0.33046988
2.00000000  0.60319959 0.33200783
2.01000000  0.60652739 0.33355260
2.02000000  0.60987067 0.33510422
2.03000000  0.61322950 0.33666270
2.04000000  0.61660395 0.33822808
2.05000000  0.61999409 0.33980039
2.06000000  0.62339998 0.34137965
2.07000000  0.62682170 0.34296588
2.08000000  0.63025932 0.34455913
2.09000000  0.63371291 0.34615941
2.10000000  0.63718253 0.34776676
2.11000000  0.64066827 0.34938120
2.12000000  0.64417018 0.35100278
2.13000000  0.64768835 0.35263152
2.14000000  0.65122284 0.35426746
2.15000000  0.65477372 0.35591062
2.16000000  0.65834108 0.35756105
2.17000000  0.66192497 0.35921877
2.18000000  0.66552548 0.36088383
2.19000000  0.66914267 0.36255626
2.20000000  0.67277663 0.36423610
2.21000000  0.67642742 0.36592339
2.22000000  0.68009512 0.36761817
2.23000000  0.68377981 0.36932047
2.24000000  0.68748156 0.37103035
2.25000000  0.69120045 0.37274783
2.26000000  0.69493654 0.37447297
2.27000000  0.69868993 0.37620580
2.28000000  0.70246069 0.37794638
2.29000000  0.70624888 0.37969474
2.30000000  0.71005461 0.38145094
2.31000000  0.71387793 0.38321503
2.32000000  0.71771894 0.38498704
2.33000000  0.72157770 0.38676704
2.34000000  0.72545431 0.38855506
2.35000000  0.72934883 0.39035118
2.36000000  0.73326136 0.39215542
2.37000000  0.73719197 0.39396786
2.38000000  0.74114075 0.39578855
2.39000000  0.74510777 0.39761754
2.40000000  0.74909313 0.39945489
2.41000000  0.75309690 0.40130065
2.42000000  0.75711917 0.40315490
2.43000000  0.76116003 0.40501768
2.44000000  0.76521955 0.40688906
2.45000000  0.76929784 0.40876912
2.46000000  0.77339496 0.41065790
2.47000000  0.77751103 0.41255547
2.48000000  0.78164611 0.41446192
2.49000000  0.78580030 0.41637729
2.50000000  0.78997368 0.41830167
2.51000000  0.79416636 0.42023512
2.52000000  0.79837842 0.42217773
2.53000000  0.80260995 0.42412955
2.54000000  0.80686105 0.42609067
2.55000000  0.81113180 0.42806117
2.56000000  0.81542230 0.43004113
2.57000000  0.81973266 0.43203062
2.58000000  0.82406295 0.43402973
2.59000000  0.82841328 0.43603854
2.60000000  0.83278375 0.43805714
2.61000000  0.83717446 0.44008561
2.62000000  0.84158550 0.44212405
2.63000000  0.84601697 0.44417254
2.64000000  0.85046899 0.44623118
2.65000000  0.85494163 0.44830006
2.66000000  0.85943502 0.45037928
2.67000000  0.86394925 0.45246894
2.68000000  0.86848443 0.45456913
2.69000000  0.87304067 0.45667996
2.70000000  0.87761807 0.45880154
2.71000000  0.88221674 0.46093396
2.72000000  0.88683679 0.46307734
2.73000000  0.89147832 0.46523179
2.74000000  0.89614146 0.46739741
2.75000000  0.90082631 0.46957433
2.76000000  0.90553298 0.47176266
2.77000000  0.91026160 0.47396252
2.78000000  0.91501228 0.47617403
2.79000000  0.91978512 0.47839731
2.80000000  0.92458026 0.48063250
2.81000000  0.92939782 0.48287971
2.82000000  0.93423790 0.48513908
2.83000000  0.93910064 0.48741075
2.84000000  0.94398616 0.48969484
2.85000000  0.94889458 0.49199150
2.86000000  0.95382603 0.49430087
2.87000000  0.95878064 0.49662309
2.88000000  0.96375854 0.49895831
2.89000000  0.96875985 0.50130668
2.90000000  0.97378472 0.50366836
2.91000000  0.97883326 0.50604349
2.92000000  0.98390563 0.50843223
2.93000000  0.98900196 0.51083476
2.94000000  0.99412238 0.51325123
2.95000000  0.99926703 0.51568180
2.96000000  1.00443606 0.51812666
2.97000000  1.00962961 0.52058597
2.98000000  1.01484783 0.52305991
2.99000000  1.02009086 0.52554867
3.00000000  1.02535886 0.52805242
3.01000000  1.03065196 0.53057137
3.02000000  1.03597034 0.53310568
3.03000000  1.04131413 0.53565558
3.04000000  1.04668350 0.53822124
3.05000000  1.05207861 0.54080288
3.06000000  1.05749961 0.54340070
3.07000000  1.06294668 0.54601492
3.08000000  1.06841997 0.54864574
3.09000000  1.07391965 0.55129339
3.10000000  1.07944590 0.55395809
3.11000000  1.08499888 0.55664006
3.12000000  1.09057876 0.55933955
3.13000000  1.09618573 0.56205677
3.14000000  1.10181996 0.56479199
3.15000000  1.10748163 0.56754543
3.16000000  1.11317093 0.57031735
3.17000000  1.11888804 0.57310802
3.18000000  1.12463315 0.57591768
3.19000000  1.13040646 0.57874660
3.20000000  1.13620815 0.58159505
3.21000000  1.14203842 0.58446331
3.22000000  1.14789748 0.58735166
3.23000000  1.15378553 0.59026038
3.24000000  1.15970276 0.59318976
3.25000000  1.16564939 0.59614011
3.26000000  1.17162563 0.59911173
3.27000000  1.17763170 0.60210492
3.28000000  1.18366780 0.60512001
3.29000000  1.18973417 0.60815730
3.30000000  1.19583103 0.61121713
3.31000000  1.20195859 0.61429984
3.32000000  1.20811710 0.61740576
3.33000000  1.21430679 0.62053524
3.34000000  1.22052789 0.62368863
3.35000000  1.22678064 0.62686629
3.36000000  1.23306530 0.63006860
3.37000000  1.23938210 0.63329592
3.38000000  1.24573130 0.63654865
3.39000000  1.25211316 0.63982716
3.40000000  1.25852793 0.64313187
3.41000000  1.26497589 0.64646317
3.42000000  1.27145729 0.64982147
3.43000000  1.27797241 0.65320721
3.44000000  1.28452153 0.65662080
3.45000000  1.29110492 0.66006269
3.46000000  1.29772288 0.66353333
3.47000000  1.30437569 0.66703316
3.48000000  1.31106364 0.67056267
3.49000000  1.31778704 0.67412232
3.50000000  1.32454619 0.67771260
3.51000000  1.33134140 0.68133401
3.52000000  1.33817298 0.68498704
3.53000000  1.34504125 0.68867222
3.54000000  1.35194654 0.69239006
3.55000000  1.35888917 0.69614110
3.56000000  1.36586947 0.69992590
3.57000000  1.37288780 0.70374500
3.58000000  1.37994449 0.70759898
3.59000000  1.38703990 0.71148841
3.60000000  1.39417438 0.71541390
3.61000000  1.40134830 0.71937604
3.62000000  1.40856202 0.72337546
3.63000000  1.41581593 0.72741278
3.64000000  1.42311041 0.73148865
3.65000000  1.43044584 0.73560373
3.66000000  1.43782262 0.73975868
3.67000000  1.44524115 0.74395420
3.68000000  1.45270184 0.74819097
3.69000000  1.46020511 0.75246972
3.70000000  1.46775138 0.75679118
3.71000000  1.47534108 0.76115608
3.72000000  1.48297465 0.76556520
3.73000000  1.49065253 0.77001929
3.74000000  1.49837519 0.77451917
3.75000000  1.50614307 0.77906563
3.76000000  1.51395666 0.78365951
3.77000000  1.52181642 0.78830164
3.78000000  1.52972286 0.79299291
3.79000000  1.53767645 0.79773418
3.80000000  1.54567771 0.80252636
3.81000000  1.55372715 0.80737037
3.82000000  1.56182530 0.81226715
3.83000000  1.56997268 0.81721767
3.84000000  1.57816983 0.82222290
3.85000000  1.58641732 0.82728385
3.86000000  1.59471570 0.83240156
3.87000000  1.60306555 0.83757707
3.88000000  1.61146744 0.84281145
3.89000000  1.61992198 0.84810580
3.90000000  1.62842976 0.85346126
3.91000000  1.63699141 0.85887895
3.92000000  1.64560756 0.86436006
3.93000000  1.65427883 0.86990579
3.94000000  1.66300589 0.87551737
3.95000000  1.67178940 0.88119605
3.96000000  1.68063004 0.88694312
3.97000000  1.68952850 0.89275990
3.98000000  1.69848548 0.89864773
3.99000000  1.70750169 0.90460800
4.00000000  1.71657788 0.91064210
4.01000000  1.72571479 0.91675148
4.02000000  1.73491317 0.92293763
4.03000000  1.74417380 0.92920205
4.04000000  1.75349748 0.93554630
4.05000000  1.76288500 0.94197195
4.06000000  1.77233720 0.94848063
4.07000000  1.78185490 0.95507400
4.08000000  1.79143896 0.96175376
4.09000000  1.80109027 0.96852166
4.10000000  1.81080970 0.97537950
4.11000000  1.82059817 0.98232909
4.12000000  1.83045659 0.98937231
4.13000000  1.84038593 0.99651109
4.14000000  1.85038714 1.00374740
4.15000000  1.86046121 1.01108325
4.16000000  1.87060915 1.01852072
4.17000000  1.88083197 1.02606193
4.18000000  1.89113074 1.03370906
4.19000000  1.90150652 1.04146434
4.20000000  1.91196040 1.04933006
4.21000000  1.92249350 1.05730856
4.22000000  1.93310696 1.06540227
4.23000000  1.94380194 1.07361363
4.24000000  1.95457963 1.08194521
4.25000000  1.96544125 1.09039959
4.26000000  1.97638804 1.09897946
4.27000000  1.98742127 1.10768755
4.28000000  1.99854224 1.11652668
4.29000000  2.00975226 1.12549974
4.30000000  2.02105269 1.13460969
4.31000000  2.03244492 1.14385959
4.32000000  2.04393036 1.15325258
4.33000000  2.05551046 1.16279186
4.34000000  2.06718669 1.17248076
4.35000000  2.07896058 1.18232266
4.36000000  2.09083367 1.19232106
4.37000000  2.10280754 1.20247956
4.38000000  2.11488381 1.21280185
4.39000000  2.12706414 1.22329172
4.40000000  2.13935022 1.23395307
4.41000000  2.15174378 1.24478993
4.42000000  2.16424661 1.25580642
4.43000000  2.17686053 1.26700680
4.44000000  2.18958738 1.27839545
4.45000000  2.20242908 1.28997686
4.46000000  2.21538758 1.30175567
4.47000000  2.22846487 1.31373667
4.48000000  2.24166300 1.32592475
4.49000000  2.25498407 1.33832500
4.50000000  2.26843023 1.35094262
4.51000000  2.28200367 1.36378299
4.52000000  2.29570665 1.37685165
4.53000000  2.30954149 1.39015430
4.54000000  2.32351054 1.40369683
4.55000000  2.33761624 1.41748532
4.56000000  2.35186109 1.43152601
4.57000000  2.36624763 1.44582538
4.58000000  2.38077849 1.46039007
4.59000000  2.39545634 1.47522696
4.60000000  2.41028396 1.49034313
4.61000000  2.42526416 1.50574591
4.62000000  2.44039986 1.52144287
4.63000000  2.45569403 1.53744182
4.64000000  2.47114973 1.55375081
4.65000000  2.48677010 1.57037819
4.66000000  2.50255838 1.58733256
4.67000000  2.51851788 1.60462284
4.68000000  2.53465199 1.62225822
4.69000000  2.55096422 1.64024821
4.70000000  2.56745817 1.65860266
4.71000000  2.58413753 1.67733175
4.72000000  2.60100609 1.69644602
4.73000000  2.61806777 1.71595639
4.74000000  2.63532658 1.73587414
4.75000000  2.65278665 1.75621096
4.76000000  2.67045224 1.77697897
4.77000000  2.68832771 1.79819072
4.78000000  2.70641758 1.81985923
4.79000000  2.72472647 1.84199796
4.80000000  2.74325915 1.86462089
4.81000000  2.76202055 1.88774253
4.82000000  2.78101572 1.91137792
4.83000000  2.80024988 1.93554268
4.84000000  2.81972840 1.96025299
4.85000000  2.83945681 1.98552567
4.86000000  2.85944084 2.01137821
4.87000000  2.87968637 2.03782876
4.88000000  2.90019947 2.06489618
4.89000000  2.92098642 2.09260008
4.90000000  2.94205367 2.12096087
4.91000000  2.96340790 2.14999974
4.92000000  2.98505600 2.17973877
4.93000000  3.00700509 2.21020091
4.94000000  3.02926251 2.24141009
4.95000000  3.05183586 2.27339123
4.96000000  3.07473300 2.30617026
4.97000000  3.09796202 2.33977424
4.98000000  3.12153133 2.37423136
4.99000000  3.14544959 2.40957104
