0.00000000  0.18998651 0.18987181
0.01000000  0.19153196 0.18881016
0.02000000  0.19353073 0.18754139
0.03000000  0.19591481 0.18646763
0.04000000  0.19784794 0.18525834
0.05000000  0.19949944 0.18430270
0.06000000  0.20128303 0.18288064
0.07000000  0.20331528 0.18169458
0.08000000  0.20491073 0.18067214
0.09000000  0.20639276 0.17930668
0.10000000  0.20857002 0.17827215
0.11000000  0.21038444 0.17750492
0.12000000  0.21245039 0.17580233
0.13000000  0.21398281 0.17529063
0.14000000  0.21564894 0.17406827
0.15000000  0.21733070 0.17318984
0.16000000  0.21905829 0.17189144
0.17000000  0.22055334 0.17109386
0.18000000  0.22255163 0.17025471
0.19000000  0.22362686 0.16890548
0.20000000  0.22581573 0.16777409
0.21000000  0.22759068 0.16683388
0.22000000  0.22930039 0.16606993
0.23000000  0.23099005 0.16480707
0.24000000  0.23216958 0.16400491
0.25000000  0.23385546 0.16273767
0.26000000  0.23501116 0.16170789
0.27000000  0.23721362 0.16078445
0.28000000  0.23854481 0.15991216
0.29000000  0.24025672 0.15886866
0.30000000  0.24116591 0.15785621
0.31000000  0.24375425 0.15704047
0.32000000  0.24544541 0.15644975
0.33000000  0.24649990 0.15527009
0.34000000  0.24865021 0.15440093
0.35000000  0.24982459 0.15368808
0.36000000  0.25166562 0.15239682
0.37000000  0.25263427 0.15149447
0.38000000  0.25399281 0.15077180
0.39000000  0.25608735 0.14982214
0.40000000  0.25731149 0.14884868
0.41000000  0.25897351 0.14803343
0.42000000  0.26026008 0.14712363
0.43000000  0.26186790 0.14621438
0.44000000  0.26315926 0.14551188
0.45000000  0.26448400 0.14482726
0.46000000  0.26632158 0.14383667
0.47000000  0.26744147 0.14294526
0.48000000  0.26881869 0.14211425
0.49000000  0.27034507 0.14142103
0.50000000  0.27224504 0.14056334
0.51000000  0.27310530 0.13939981
0.52000000  0.27454388 0.13895941
0.53000000  0.27621613 0.13821822
0.54000000  0.27678310 0.13728356
0.55000000  0.27875940 0.13642231
0.56000000  0.28026553 0.13584998
0.57000000  0.28125557 0.13507924
0.58000000  0.28296439 0.13440479
0.59000000  0.28394095 0.13343234
0.60000000  0.28535166 0.13256943
0.61000000  0.28665827 0.13211935
0.62000000  0.28752778 0.13141095
0.63000000  0.28920998 0.13063406
0.64000000  0.29075982 0.12967574
0.65000000  0.29219129 0.12901427
0.66000000  0.29313699 0.12834652
0.67000000  0.29460400 0.12765817
0.68000000  0.29586396 0.12687504
0.69000000  0.29704026 0.12647533
0.70000000  0.29789454 0.12541556
0.71000000  0.29981512 0.12492410
0.72000000  0.30059251 0.12416698
0.73000000  0.30218872 0.12343011
0.74000000  0.30356188 0.12262808
0.75000000  0.30468149 0.12236658
0.76000000  0.30548124 0.12172912
0.77000000  0.30715483 0.12077512
0.78000000  0.30841540 0.12030578
0.79000000  0.30943142 0.11965704
0.80000000  0.31052374 0.11888266
0.81000000  0.31141663 0.11839011
0.82000000  0.31308939 0.11777344
0.83000000  0.31403188 0.11709525
0.84000000  0.31542230 0.11645203
0.85000000  0.31619427 0.11585517
0.86000000  0.31728543 0.11506383
0.87000000  0.31834072 0.11456275
0.88000000  0.31978385 0.11371640
0.89000000  0.32048159 0.11322683
0.90000000  0.32205955 0.11282188
0.91000000  0.32318022 0.11213248
0.92000000  0.32410179 0.11156574
0.93000000  0.32581824 0.11093890
0.94000000  0.32653022 0.11032463
0.95000000  0.32741125 0.10977741
0.96000000  0.32862945 0.10933708
0.97000000  0.33025247 0.10859671
0.98000000  0.33085164 0.10808341
0.99000000  0.33180349 0.10762180
1.00000000  0.33373121 0.10682636
1.01000000  0.33430674 0.10657674
1.02000000  0.33507764 0.10604707
1.03000000  0.33586798 0.10543928
1.04000000  0.33747638 0.10501945
1.05000000  0.33890847 0.10404153
1.06000000  0.33983493 0.10376509
1.07000000  0.34069514 0.10326300
1.08000000  0.34190510 0.10259874
1.09000000  0.34208973 0.10233477
1.10000000  0.34425068 0.10164440
1.11000000  0.34466284 0.10143220
1.12000000  0.34545540 0.10064659
1.13000000  0.34616685 0.10017544
1.14000000  0.34785817 0.09956836
1.15000000  0.34815055 0.09929298
1.16000000  0.34907556 0.09863630
1.17000000  0.35046672 0.09828025
1.18000000  0.35185971 0.09778465
1.19000000  0.35214087 0.09727388
1.20000000  0.35324427 0.09661671
1.21000000  0.35462309 0.09627098
1.22000000  0.35555982 0.09569812
1.23000000  0.35662740 0.09514693
1.24000000  0.35737015 0.09484849
1.25000000  0.35826193 0.09434401
1.26000000  0.35875125 0.09396694
1.27000000  0.36013010 0.09351118
1.28000000  0.36091656 0.09298080
1.29000000  0.36185225 0.09244867
1.30000000  0.36295489 0.09228601
1.31000000  0.36366324 0.09161147
1.32000000  0.36506588 0.09137889
1.33000000  0.36563754 0.09084913
1.34000000  0.36593444 0.09044141
1.35000000  0.36747857 0.09007127
1.36000000  0.36828392 0.08967870
1.37000000  0.36924339 0.08906274
1.38000000  0.36999902 0.08860540
1.39000000  0.37042724 0.08822640
1.40000000  0.37161942 0.08781222
1.41000000  0.37235545 0.08755338
1.42000000  0.37371645 0.08697760
1.43000000  0.37470503 0.08665528
1.44000000  0.37578586 0.08615070
1.45000000  0.37608543 0.08582383
1.46000000  0.37758732 0.08530789
1.47000000  0.37819014 0.08511227
1.48000000  0.37859756 0.08473719
1.49000000  0.37933956 0.08426701
1.50000000  0.38035410 0.08390310
1.51000000  0.38202702 0.08334968
1.52000000  0.38165861 0.08318224
1.53000000  0.38325605 0.08269014
1.54000000  0.38423670 0.08218850
1.55000000  0.38455941 0.08193577
1.56000000  0.38528484 0.08173847
1.57000000  0.38561570 0.08117467
1.58000000  0.38765341 0.08088985
1.59000000  0.38769510 0.08053240
1.60000000  0.38824764 0.08011770
1.61000000  0.38998224 0.07975970
1.62000000  0.39071740 0.07943131
1.63000000  0.39086361 0.07905718
1.64000000  0.39221218 0.07868661
1.65000000  0.39270647 0.07827347
1.66000000  0.39304245 0.07812837
1.67000000  0.39420389 0.07749066
1.68000000  0.39508899 0.07728791
1.69000000  0.39572855 0.07695911
1.70000000  0.39712815 0.07654564
1.71000000  0.39729908 0.07641341
1.72000000  0.39823722 0.07594097
1.73000000  0.39881568 0.07562894
1.74000000  0.40023885 0.07535085
1.75000000  0.40042497 0.07497162
1.76000000  0.40128594 0.07457364
1.77000000  0.40183697 0.07425849
1.78000000  0.40253654 0.07395087
1.79000000  0.40384120 0.07361836
1.80000000  0.40385644 0.07338332
1.81000000  0.40474470 0.07296587
1.82000000  0.40623727 0.07288539
1.83000000  0.40690443 0.07247203
1.84000000  0.40735358 0.07220948
1.85000000  0.40745866 0.07185604
1.86000000  0.40835989 0.07166945
1.87000000  0.40953087 0.07133979
1.88000000  0.40953168 0.07099913
1.89000000  0.41060272 0.07059065
1.90000000  0.41106739 0.07033712
1.91000000  0.41209710 0.07005065
1.92000000  0.41300164 0.06979069
1.93000000  0.41285741 0.06934912
1.94000000  0.41351487 0.06908956
1.95000000  0.41533673 0.06896754
1.96000000  0.41520977 0.06859546
1.97000000  0.41555754 0.06830156
1.98000000  0.41676884 0.06790995
1.99000000  0.41756078 0.06776777
2.00000000  0.41765011 0.06744502
2.01000000  0.41911387 0.06723425
2.02000000  0.41911271 0.06685157
2.03000000  0.42089780 0.06656713
2.04000000  0.42029441 0.06635810
2.05000000  0.42183620 0.06617205
2.06000000  0.42186207 0.06581110
2.07000000  0.42346308 0.06554236
2.08000000  0.42364127 0.06537902
2.09000000  0.42429677 0.06509218
2.10000000  0.42499369 0.06480503
2.11000000  0.42486542 0.06441027
2.12000000  0.42603261 0.06415119
2.13000000  0.42596938 0.06398276
2.14000000  0.42758498 0.06361730
2.15000000  0.42756641 0.06343487
2.16000000  0.42898727 0.06316572
2.17000000  0.42910252 0.06297328
2.18000000  0.42937043 0.06271440
2.19000000  0.43033837 0.06242798
2.20000000  0.43062258 0.06230161
2.21000000  0.43193673 0.06198776
2.22000000  0.43228311 0.06171987
2.23000000  0.43330683 0.06142954
2.24000000  0.43366640 0.06119819
2.25000000  0.43448014 0.06102410
2.26000000  0.43530881 0.06075430
2.27000000  0.43509756 0.06059569
2.28000000  0.43545827 0.06029742
2.29000000  0.43632302 0.05995090
2.30000000  0.43707290 0.05979664
2.31000000  0.43710973 0.05951683
2.32000000  0.43898132 0.05939436
2.33000000  0.43916550 0.05909661
2.34000000  0.43927959 0.05886464
2.35000000  0.44051128 0.05868266
2.36000000  0.44049053 0.05844786
2.37000000  0.44085869 0.05813338
2.38000000  0.44256071 0.05787164
2.39000000  0.44281962 0.05775794
2.40000000  0.44327987 0.05745381
2.41000000  0.44309065 0.05728352
2.42000000  0.44409170 0.05708806
2.43000000  0.44472394 0.05686988
2.44000000  0.44523746 0.05672007
2.45000000  0.44609921 0.05644012
2.46000000  0.44618774 0.05622172
2.47000000  0.44717172 0.05617613
2.48000000  0.44769759 0.05585841
2.49000000  0.44834297 0.05564646
2.50000000  0.44907055 0.05531346
2.51000000  0.44949973 0.05526227
2.52000000  0.45077796 0.05503257
2.53000000  0.45002483 0.05481919
2.54000000  0.45079928 0.05451564
2.55000000  0.45066815 0.05449873
2.56000000  0.45116572 0.05422414
2.57000000  0.45275197 0.05403772
2.58000000  0.45376954 0.05378152
2.59000000  0.45360269 0.05348413
2.60000000  0.45457482 0.05340960
2.61000000  0.45578287 0.05321108
2.62000000  0.45537378 0.05299804
2.63000000  0.45566822 0.05269130
2.64000000  0.45687926 0.05250154
2.65000000  0.45599123 0.05230136
2.66000000  0.45709788 0.05228877
2.67000000  0.45866804 0.05200598
2.68000000  0.45800213 0.05183567
2.69000000  0.45990901 0.05156361
2.70000000  0.45925802 0.05147850
2.71000000  0.45949697 0.05122737
2.72000000  0.46052959 0.05109128
2.73000000  0.46098135 0.05090899
2.74000000  0.46085453 0.05069586
2.75000000  0.46197323 0.05055697
2.76000000  0.46184027 0.05031943
2.77000000  0.46259777 0.05012889
2.78000000  0.46380101 0.05002531
2.79000000  0.46411721 0.04968704
2.80000000  0.46444569 0.04961721
2.81000000  0.46526745 0.04939092
2.82000000  0.46578022 0.04927021
2.83000000  0.46581357 0.04906925
2.84000000  0.46621515 0.04901612
2.85000000  0.46684542 0.04868936
2.86000000  0.46727297 0.04855116
2.87000000  0.46733055 0.04844651
2.88000000  0.46890316 0.04817243
2.89000000  0.46858551 0.04803690
2.90000000  0.46857623 0.04783333
2.91000000  0.46979126 0.04760933
2.92000000  0.47067256 0.04747541
2.93000000  0.47113779 0.04743692
2.94000000  0.47118775 0.04716237
2.95000000  0.47131274 0.04697538
2.96000000  0.47162002 0.04686037
2.97000000  0.47272968 0.04672849
2.98000000  0.47324478 0.04652313
2.99000000  0.47372469 0.04637528
3.00000000  0.47430613 0.04612347
3.01000000  0.47464584 0.04608359
3.02000000  0.47501892 0.04581634
3.03000000  0.47544006 0.04566017
3.04000000  0.47624431 0.04559424
3.05000000  0.47568102 0.04535946
3.06000000  0.47713503 0.04528809
3.07000000  0.47789125 0.04504531
3.08000000  0.47750200 0.04491180
3.09000000  0.47858509 0.04475325
3.10000000  0.47824632 0.04461114
3.11000000  0.47900429 0.04441002
3.12000000  0.47858988 0.04428250
3.13000000  0.47963352 0.04412276
3.14000000  0.48026946 0.04400351
3.15000000  0.48008621 0.04386023
3.16000000  0.48111807 0.04372286
3.17000000  0.48140584 0.04358386
3.18000000  0.48247518 0.04343253
3.19000000  0.48317102 0.04323839
3.20000000  0.48202741 0.04314104
3.21000000  0.48341091 0.04290701
3.22000000  0.48358334 0.04282672
3.23000000  0.48384862 0.04266439
3.24000000  0.48482168 0.04247635
3.25000000  0.48499469 0.04242428
3.26000000  0.48527102 0.04222528
3.27000000  0.48654063 0.04207277
3.28000000  0.48662636 0.04188645
3.29000000  0.48710615 0.04181235
3.30000000  0.48767240 0.04162429
3.31000000  0.48791449 0.04154979
3.32000000  0.48754040 0.04144364
3.33000000  0.48812124 0.04123512
3.34000000  0.48959579 0.04108346
3.35000000  0.48926680 0.04096191
3.36000000  0.48966471 0.04096047
3.37000000  0.48981301 0.04071511
3.38000000  0.49015443 0.04049680
3.39000000  0.49135912 0.04046269
3.40000000  0.49137942 0.04029364
3.41000000  0.49236757 0.04008979
3.42000000  0.49203268 0.04006982
3.43000000  0.49231325 0.03984952
3.44000000  0.49350861 0.03977000
3.45000000  0.49263719 0.03957142
3.46000000  0.49337997 0.03947237
3.47000000  0.49419393 0.03934550
3.48000000  0.49451918 0.03918472
3.49000000  0.49429769 0.03906402
3.50000000  0.49444956 0.03893687
3.51000000  0.49554118 0.03880630
3.52000000  0.49588493 0.03867236
3.53000000  0.49654699 0.03861114
3.54000000  0.49664963 0.03848900
3.55000000  0.49727988 0.03845812
3.56000000  0.49749760 0.03814572
3.57000000  0.49816018 0.03804353
3.58000000  0.49771218 0.03793543
3.59000000  0.49889690 0.03776138
3.60000000  0.49853130 0.03767640
3.61000000  0.49967277 0.03747487
3.62000000  0.49929538 0.03742785
3.63000000  0.50033030 0.03728992
3.64000000  0.50136542 0.03716460
3.65000000  0.50071067 0.03704142
3.66000000  0.50123431 0.03692969
3.67000000  0.50128371 0.03679441
3.68000000  0.50305498 0.03675514
3.69000000  0.50270809 0.03656656
3.70000000  0.50296233 0.03641196
3.71000000  0.50265130 0.03627813
3.72000000  0.50405685 0.03621539
3.73000000  0.50383554 0.03610185
3.74000000  0.50421779 0.03593892
3.75000000  0.50416636 0.03592316
3.76000000  0.50472334 0.03567449
3.77000000  0.50505502 0.03564339
3.78000000  0.50600732 0.03553583
3.79000000  0.50611334 0.03547931
3.80000000  0.50559789 0.03528984
3.81000000  0.50618747 0.03515133
3.82000000  0.50694480 0.03506297
3.83000000  0.50734166 0.03492396
3.84000000  0.50756122 0.03478526
3.85000000  0.50857695 0.03470259
3.86000000  0.50869141 0.03463918
3.87000000  0.50900224 0.03449323
3.88000000  0.50962537 0.03434803
3.89000000  0.51049203 0.03426120
3.90000000  0.51033442 0.03411308
3.91000000  0.50958049 0.03399666
3.92000000  0.51050638 0.03388658
3.93000000  0.51078627 0.03379271
3.94000000  0.51161596 0.03363417
3.95000000  0.51052918 0.03362401
3.96000000  0.51198485 0.03348798
3.97000000  0.51150848 0.03335538
3.98000000  0.51226372 0.03330943
3.99000000  0.51199955 0.03318528
4.00000000  0.51307247 0.03299656
4.01000000  0.51380620 0.03295207
4.02000000  0.51364080 0.03289618
4.03000000  0.51463205 0.03270661
4.04000000  0.51495830 0.03259797
4.05000000  0.51499939 0.03255839
4.06000000  0.51508171 0.03240337
4.07000000  0.51540971 0.03226297
4.08000000  0.51486573 0.03221655
4.09000000  0.51527177 0.03208985
4.10000000  0.51676945 0.03197846
4.11000000  0.51680779 0.03189993
4.12000000  0.51682707 0.03183183
4.13000000  0.51754482 0.03170087
4.14000000  0.51728036 0.03157695
4.15000000  0.51754106 0.03143623
4.16000000  0.51852347 0.03145407
4.17000000  0.51834930 0.03131606
4.18000000  0.51907813 0.03114270
4.19000000  0.51921279 0.03111996
4.20000000  0.51900134 0.03100397
4.21000000  0.52033687 0.03089437
4.22000000  0.52063259 0.03074161
4.23000000  0.52106667 0.03063268
4.24000000  0.52050698 0.03062620
4.25000000  0.52162492 0.03046123
4.26000000  0.52092603 0.03036073
4.27000000  0.52167365 0.03024931
4.28000000  0.52270341 0.03019605
4.29000000  0.52258735 0.03009106
4.30000000  0.52250499 0.02997067
4.31000000  0.52233440 0.02987850
4.32000000  0.52297697 0.02975833
4.33000000  0.52345527 0.02974650
4.34000000  0.52278082 0.02959619
4.35000000  0.52363915 0.02954974
4.36000000  0.52458119 0.02939125
4.37000000  0.52581755 0.02933929
4.38000000  0.52457631 0.02921864
4.39000000  0.52517850 0.02910146
4.40000000  0.52609228 0.02904809
4.41000000  0.52558384 0.02893992
4.42000000  0.52554011 0.02884989
4.43000000  0.52622076 0.02874733
4.44000000  0.52725459 0.02866258
4.45000000  0.52676267 0.02860683
4.46000000  0.52679773 0.02849523
4.47000000  0.52824290 0.02836495
4.48000000  0.52754837 0.02826842
4.49000000  0.52832666 0.02822232
4.50000000  0.52872796 0.02816523
4.51000000  0.52845351 0.02805701
4.52000000  0.52903817 0.02795819
4.53000000  0.52913331 0.02781900
4.54000000  0.53104525 0.02770732
4.55000000  0.52937380 0.02761376
4.56000000  0.52965464 0.02758192
4.57000000  0.53016530 0.02752592
4.58000000  0.53063632 0.02743067
4.59000000  0.52990152 0.02732597
4.60000000  0.53212644 0.02720722
4.61000000  0.53184870 0.02717579
4.62000000  0.53176539 0.02710045
4.63000000  0.53150100 0.02694843
4.64000000  0.53223488 0.02683605
4.65000000  0.53215356 0.02680133
4.66000000  0.53363892 0.02674666
4.67000000  0.53347233 0.02663444
4.68000000  0.53325170 0.02651627
4.69000000  0.53238239 0.02647664
4.70000000  0.53372695 0.02637004
4.71000000  0.53348291 0.02632056
4.72000000  0.53418878 0.02615655
4.73000000  0.53386492 0.02615167
4.74000000  0.53467307 0.02602187
4.75000000  0.53530629 0.02590261
4.76000000  0.53637986 0.02589723
4.77000000  0.53652081 0.02575852
4.78000000  0.53615792 0.02572680
4.79000000  0.53622023 0.02564936
4.80000000  0.53615541 0.02553088
4.81000000  0.53604710 0.02541390
4.82000000  0.53694085 0.02540000
4.83000000  0.53740538 0.02532773
4.84000000  0.53747973 0.02525384
4.85000000  0.53821684 0.02512664
4.86000000  0.53799965 0.02502701
4.87000000  0.53773859 0.02497480
4.88000000  0.53857071 0.02484835
4.89000000  0.53821436 0.02481878
4.90000000  0.53880300 0.02471069
4.91000000  0.53866741 0.02461024
4.92000000  0.54043802 0.02450459
4.93000000  0.53975641 0.02447060
4.94000000  0.54044061 0.02438787
4.95000000  0.53955388 0.02437724
4.96000000  0.54039855 0.02420863
4.97000000  0.54137981 0.02421217
4.98000000  0.54081045 0.02404656
4.99000000  0.54032181 0.02398250
