0.00000000  0.17995548 0.18007443
0.01000000  0.18171186 0.17713778
0.02000000  0.18363438 0.17434869
0.03000000  0.18527553 0.17160066
0.04000000  0.18655636 0.16923313
0.05000000  0.18852652 0.16637407
0.06000000  0.19033901 0.16422588
0.07000000  0.19192822 0.16140562
0.08000000  0.19375576 0.15893917
0.09000000  0.19543756 0.15663514
0.10000000  0.19628361 0.15406360
0.11000000  0.19824922 0.15225357
0.12000000  0.19982594 0.14953109
0.13000000  0.20137414 0.14755469
0.14000000  0.20286388 0.14537765
0.15000000  0.20401371 0.14332040
0.16000000  0.20560308 0.14103506
0.17000000  0.20694371 0.13908333
0.18000000  0.20810214 0.13720903
0.19000000  0.20978005 0.13486396
0.20000000  0.21097185 0.13318724
0.21000000  0.21242714 0.13122878
0.22000000  0.21359674 0.12940180
0.23000000  0.21486808 0.12750498
0.24000000  0.21604379 0.12593399
0.25000000  0.21769086 0.12395462
0.26000000  0.21837559 0.12240620
0.27000000  0.21990773 0.12038893
0.28000000  0.22080475 0.11907316
0.29000000  0.22258354 0.11725776
0.30000000  0.22345932 0.11575904
0.31000000  0.22480655 0.11436033
0.32000000  0.22561799 0.11254164
0.33000000  0.22738449 0.11118187
0.34000000  0.22792782 0.10955135
0.35000000  0.22942415 0.10858041
0.36000000  0.22954052 0.10695861
0.37000000  0.23055591 0.10540217
0.38000000  0.23178655 0.10398584
0.39000000  0.23319277 0.10298568
0.40000000  0.23409125 0.10157675
0.41000000  0.23493813 0.10027318
0.42000000  0.23608862 0.09903589
0.43000000  0.23730684 0.09767555
0.44000000  0.23826785 0.09649216
0.45000000  0.23960787 0.09524537
0.46000000  0.23990473 0.09418278
0.47000000  0.24136112 0.09310938
0.48000000  0.24200045 0.09212352
0.49000000  0.24275900 0.09094603
0.50000000  0.24378053 0.09004141
0.51000000  0.24449081 0.08882147
0.52000000  0.24582363 0.08783137
0.53000000  0.24676680 0.08660917
0.54000000  0.24737128 0.08571480
0.55000000  0.24841552 0.08495135
0.56000000  0.24913785 0.08398708
0.57000000  0.24977504 0.08299320
0.58000000  0.25034109 0.08218850
0.59000000  0.25203922 0.08139307
0.60000000  0.25216906 0.08044827
0.61000000  0.25290804 0.07961806
0.62000000  0.25341862 0.07867010
0.63000000  0.25412523 0.07800453
0.64000000  0.25596293 0.07700468
0.65000000  0.25604081 0.07636189
0.66000000  0.25746990 0.07554206
0.67000000  0.25779015 0.07483907
0.68000000  0.25843806 0.07408825
0.69000000  0.25913539 0.07328330
0.70000000  0.26004012 0.07264884
0.71000000  0.26044833 0.07188549
0.72000000  0.26149617 0.07122871
0.73000000  0.26243508 0.07053594
0.74000000  0.26250519 0.06987986
0.75000000  0.26303708 0.06934595
0.76000000  0.26402966 0.06888452
0.77000000  0.26481535 0.06806884
0.78000000  0.26523112 0.06738521
0.79000000  0.26588752 0.06702291
0.80000000  0.26742720 0.06636272
0.81000000  0.26750466 0.06570769
0.82000000  0.26841037 0.06519130
0.83000000  0.26886986 0.06460242
0.84000000  0.26986829 0.06418413
0.85000000  0.27035782 0.06354866
0.86000000  0.27059272 0.06313067
0.87000000  0.27113985 0.06255815
0.88000000  0.27169754 0.06214279
0.89000000  0.27244754 0.06160200
0.90000000  0.27328746 0.06122026
0.91000000  0.27380242 0.06067716
0.92000000  0.27401388 0.06036897
0.93000000  0.27496017 0.05972577
0.94000000  0.27581454 0.05935074
0.95000000  0.27599331 0.05891665
0.96000000  0.27682229 0.05854449
0.97000000  0.27719512 0.05809913
0.98000000  0.27784511 0.05770567
0.99000000  0.27863819 0.05735955
1.00000000  0.27832993 0.05692789
1.01000000  0.27982052 0.05657315
1.02000000  0.28032725 0.05620305
1.03000000  0.28111294 0.05577550
1.04000000  0.28097288 0.05556715
1.05000000  0.28153445 0.05514719
1.06000000  0.28280393 0.05487939
1.07000000  0.28316615 0.05455050
1.08000000  0.28365264 0.05421625
1.09000000  0.28403123 0.05384907
1.10000000  0.28463245 0.05362700
1.11000000  0.28593969 0.05325487
1.12000000  0.28597479 0.05289347
1.13000000  0.28594244 0.05271255
1.14000000  0.28644269 0.05239285
1.15000000  0.28682864 0.05212947
1.16000000  0.28772744 0.05175877
1.17000000  0.28854843 0.05159378
1.18000000  0.28922284 0.05124526
1.19000000  0.28931824 0.05106931
1.20000000  0.28987119 0.05077215
1.21000000  0.29054187 0.05051710
1.22000000  0.29101815 0.05023842
1.23000000  0.29143506 0.05017379
1.24000000  0.29184323 0.04984441
1.25000000  0.29213897 0.04958917
1.26000000  0.29325416 0.04942218
1.27000000  0.29337908 0.04912686
1.28000000  0.29336509 0.04905384
1.29000000  0.29371422 0.04869609
1.30000000  0.29494504 0.04855939
1.31000000  0.29481077 0.04849178
1.32000000  0.29617861 0.04816131
1.33000000  0.29603494 0.04802850
1.34000000  0.29618828 0.04780194
1.35000000  0.29692442 0.04766804
1.36000000  0.29844396 0.04744539
1.37000000  0.29790763 0.04734461
1.38000000  0.29815896 0.04709592
1.39000000  0.29911753 0.04696981
1.40000000  0.29981650 0.04681584
1.41000000  0.30010711 0.04662077
1.42000000  0.30002720 0.04649530
1.43000000  0.30063561 0.04639757
1.44000000  0.30150019 0.04614389
1.45000000  0.30184046 0.04611741
1.46000000  0.30224900 0.04598317
1.47000000  0.30289748 0.04584944
1.48000000  0.30290327 0.04568882
1.49000000  0.30399040 0.04555564
1.50000000  0.30413996 0.04540871
1.51000000  0.30489947 0.04520955
1.52000000  0.30462077 0.04508867
1.53000000  0.30554438 0.04504755
1.54000000  0.30624804 0.04491875
1.55000000  0.30614806 0.04473681
1.56000000  0.30700626 0.04466787
1.57000000  0.30751206 0.04455256
1.58000000  0.30751809 0.04447037
1.59000000  0.30878138 0.04447779
1.60000000  0.30909515 0.04428310
1.61000000  0.30924768 0.04415798
1.62000000  0.30956939 0.04402752
1.63000000  0.31034742 0.04394726
1.64000000  0.31026234 0.04390152
1.65000000  0.31104638 0.04379688
1.66000000  0.31120241 0.04364811
1.67000000  0.31239031 0.04362747
1.68000000  0.31238749 0.04354340
1.69000000  0.31255430 0.04344873
1.70000000  0.31294195 0.04341545
1.71000000  0.31364001 0.04340908
1.72000000  0.31351690 0.04322162
1.73000000  0.31452614 0.04318013
1.74000000  0.31445010 0.04307472
1.75000000  0.31519082 0.04302290
1.76000000  0.31598035 0.04301333
1.77000000  0.31632099 0.04284368
1.78000000  0.31669779 0.04284543
1.79000000  0.31694480 0.04276098
1.80000000  0.31742681 0.04266448
1.81000000  0.31819658 0.04265313
1.82000000  0.31880989 0.04267016
1.83000000  0.31869499 0.04253780
1.84000000  0.31875553 0.04254132
1.85000000  0.31951683 0.04249835
1.86000000  0.32042189 0.04243257
1.87000000  0.32019602 0.04247077
1.88000000  0.32082541 0.04227043
1.89000000  0.32160492 0.04229062
1.90000000  0.32179372 0.04223800
1.91000000  0.32212234 0.04219180
1.92000000  0.32275377 0.04213745
1.93000000  0.32270270 0.04206286
1.94000000  0.32351927 0.04205090
1.95000000  0.32396611 0.04199169
1.96000000  0.32416851 0.04202676
1.97000000  0.32513429 0.04200710
1.98000000  0.32456971 0.04192714
1.99000000  0.32535870 0.04189973
2.00000000  0.32610623 0.04185135
2.01000000  0.32612728 0.04182114
2.02000000  0.32665613 0.04176547
2.03000000  0.32642128 0.04173528
2.04000000  0.32783423 0.04169540
2.05000000  0.32772894 0.04169148
2.06000000  0.32889928 0.04172220
2.07000000  0.32818949 0.04164706
2.08000000  0.32874583 0.04152597
2.09000000  0.32915978 0.04160594
2.10000000  0.32976422 0.04160105
2.11000000  0.33026102 0.04156106
2.12000000  0.33100505 0.04153677
2.13000000  0.33133892 0.04147812
2.14000000  0.33217733 0.04144797
2.15000000  0.33209195 0.04143881
2.16000000  0.33214923 0.04134051
2.17000000  0.33273782 0.04143871
2.18000000  0.33326792 0.04156148
2.19000000  0.33389713 0.04140958
2.20000000  0.33374272 0.04141938
2.21000000  0.33374966 0.04143458
2.22000000  0.33481145 0.04140989
2.23000000  0.33525268 0.04140528
2.24000000  0.33547905 0.04139736
2.25000000  0.33595884 0.04139661
2.26000000  0.33640180 0.04131540
2.27000000  0.33697595 0.04135492
2.28000000  0.33773683 0.04141595
2.29000000  0.33713337 0.04129064
2.30000000  0.33805278 0.04131893
2.31000000  0.33879027 0.04126269
2.32000000  0.33889764 0.04130600
2.33000000  0.33983463 0.04134270
2.34000000  0.33984336 0.04124998
2.35000000  0.33955168 0.04131886
2.36000000  0.34062536 0.04132984
2.37000000  0.34135612 0.04118367
2.38000000  0.34174492 0.04131877
2.39000000  0.34217712 0.04126945
2.40000000  0.34262370 0.04131142
2.41000000  0.34214027 0.04126989
2.42000000  0.34325341 0.04129292
2.43000000  0.34304735 0.04129057
2.44000000  0.34414430 0.04137286
2.45000000  0.34415497 0.04129425
2.46000000  0.34517784 0.04134118
2.47000000  0.34598066 0.04135682
2.48000000  0.34567423 0.04141499
2.49000000  0.34628844 0.04131840
2.50000000  0.34668628 0.04133689
2.51000000  0.34727226 0.04134585
2.52000000  0.34755960 0.04136355
2.53000000  0.34743908 0.04140400
2.54000000  0.34797123 0.04130769
2.55000000  0.34824272 0.04137324
2.56000000  0.34901982 0.04135817
2.57000000  0.34955719 0.04132571
2.58000000  0.34902081 0.04151070
2.59000000  0.35033866 0.04137457
2.60000000  0.35040603 0.04143648
2.61000000  0.34997245 0.04147960
2.62000000  0.35217452 0.04143684
2.63000000  0.35190430 0.04142086
2.64000000  0.35200407 0.04149458
2.65000000  0.35275776 0.04147959
2.66000000  0.35311291 0.04143119
2.67000000  0.35400877 0.04151031
2.68000000  0.35401545 0.04152082
2.69000000  0.35390541 0.04151870
2.70000000  0.35423024 0.04155054
2.71000000  0.35592756 0.04152777
2.72000000  0.35586687 0.04162299
2.73000000  0.35602782 0.04163170
2.74000000  0.35624400 0.04162599
2.75000000  0.35660945 0.04167314
2.76000000  0.35716176 0.04166299
2.77000000  0.35756978 0.04176126
2.78000000  0.35811776 0.04172777
2.79000000  0.35842418 0.04172047
2.80000000  0.35857834 0.04185660
2.81000000  0.35939939 0.04173335
2.82000000  0.36008393 0.04174884
2.83000000  0.36079400 0.04181765
2.84000000  0.35964243 0.04174984
2.85000000  0.36046110 0.04186249
2.86000000  0.36197123 0.04189895
2.87000000  0.36234194 0.04196078
2.88000000  0.36159016 0.04190370
2.89000000  0.36251585 0.04195828
2.90000000  0.36289884 0.04190306
2.91000000  0.36426468 0.04199036
2.92000000  0.36397551 0.04199241
2.93000000  0.36423151 0.04197325
2.94000000  0.36415895 0.04206954
2.95000000  0.36577521 0.04213616
2.96000000  0.36540820 0.04204299
2.97000000  0.36625911 0.04208172
2.98000000  0.36624332 0.04208490
2.99000000  0.36692057 0.04218927
3.00000000  0.36765027 0.04220166
3.01000000  0.36757442 0.04220297
3.02000000  0.36904288 0.04224236
3.03000000  0.36857128 0.04227445
3.04000000  0.36880536 0.04222684
3.05000000  0.36940948 0.04236857
3.06000000  0.37009408 0.04234167
3.07000000  0.37072686 0.04241865
3.08000000  0.37067434 0.04238436
3.09000000  0.37088549 0.04241294
3.10000000  0.37155271 0.04251105
3.11000000  0.37215723 0.04244648
3.12000000  0.37210236 0.04246804
3.13000000  0.37247884 0.04257459
3.14000000  0.37313008 0.04256828
3.15000000  0.37381400 0.04254088
3.16000000  0.37452193 0.04256269
3.17000000  0.37455031 0.04267659
3.18000000  0.37512683 0.04265221
3.19000000  0.37470690 0.04266130
3.20000000  0.37570188 0.04273532
3.21000000  0.37599300 0.04274051
3.22000000  0.37664774 0.04284498
3.23000000  0.37704227 0.04280305
3.24000000  0.37719600 0.04279852
3.25000000  0.37789548 0.04287116
3.26000000  0.37848573 0.04293788
3.27000000  0.37922421 0.04292407
3.28000000  0.37886027 0.04302165
3.29000000  0.37962536 0.04304734
3.30000000  0.37934860 0.04306619
3.31000000  0.38034184 0.04303107
3.32000000  0.38140011 0.04310824
3.33000000  0.38152667 0.04324008
3.34000000  0.38170467 0.04311706
3.35000000  0.38149335 0.04319705
3.36000000  0.38251670 0.04319830
3.37000000  0.38286036 0.04325217
3.38000000  0.38346216 0.04328140
3.39000000  0.38397921 0.04337461
3.40000000  0.38474194 0.04339352
3.41000000  0.38433006 0.04340791
3.42000000  0.38542355 0.04347472
3.43000000  0.38590230 0.04353565
3.44000000  0.38568354 0.04348610
3.45000000  0.38616648 0.04352171
3.46000000  0.38638637 0.04359547
3.47000000  0.38740325 0.04359592
3.48000000  0.38812215 0.04364722
3.49000000  0.38824405 0.04373769
3.50000000  0.38852435 0.04367711
3.51000000  0.38911744 0.04372359
3.52000000  0.38976852 0.04380191
3.53000000  0.39107345 0.04389826
3.54000000  0.39120642 0.04383818
3.55000000  0.39110705 0.04396911
3.56000000  0.39123342 0.04392289
3.57000000  0.39155410 0.04403317
3.58000000  0.39230435 0.04403655
3.59000000  0.39255483 0.04413565
3.60000000  0.39357886 0.04418946
3.61000000  0.39392913 0.04411565
3.62000000  0.39386048 0.04421163
3.63000000  0.39469574 0.04422031
3.64000000  0.39547349 0.04426662
3.65000000  0.39560900 0.04424964
3.66000000  0.39614556 0.04432248
3.67000000  0.39623289 0.04442692
3.68000000  0.39629463 0.04449212
3.69000000  0.39769361 0.04442699
3.70000000  0.39730605 0.04444037
3.71000000  0.39819135 0.04457485
3.72000000  0.39871576 0.04462006
3.73000000  0.39895208 0.04463049
3.74000000  0.39909539 0.04462605
3.75000000  0.39923658 0.04471800
3.76000000  0.40041862 0.04477878
3.77000000  0.40062575 0.04472130
3.78000000  0.40059241 0.04478656
3.79000000  0.40220228 0.04490963
3.80000000  0.40189306 0.04493121
3.81000000  0.40226766 0.04494084
3.82000000  0.40285194 0.04499893
3.83000000  0.40323060 0.04500074
3.84000000  0.40365233 0.04497643
3.85000000  0.40468337 0.04509891
3.86000000  0.40517122 0.04522033
3.87000000  0.40488923 0.04517818
3.88000000  0.40605630 0.04523937
3.89000000  0.40569252 0.04530088
3.90000000  0.40667621 0.04530287
3.91000000  0.40736242 0.04544159
3.92000000  0.40776926 0.04541887
3.93000000  0.40828180 0.04548121
3.94000000  0.40894200 0.04557907
3.95000000  0.40896445 0.04550780
3.96000000  0.40909676 0.04558639
3.97000000  0.40975659 0.04564985
3.98000000  0.40971142 0.04566544
3.99000000  0.41059045 0.04579679
4.00000000  0.41168311 0.04577537
4.01000000  0.41171214 0.04578910
4.02000000  0.41245775 0.04595054
4.03000000  0.41217730 0.04600269
4.04000000  0.41360961 0.04599398
4.05000000  0.41363061 0.04594526
4.06000000  0.41362393 0.04607639
4.07000000  0.41385950 0.04610726
4.08000000  0.41469311 0.04618708
4.09000000  0.41481428 0.04618094
4.10000000  0.41611669 0.04624316
4.11000000  0.41686179 0.04642292
4.12000000  0.41633969 0.04639674
4.13000000  0.41786307 0.04648126
4.14000000  0.41722576 0.04646043
4.15000000  0.41768577 0.04647445
4.16000000  0.41878502 0.04663213
4.17000000  0.41922533 0.04663360
4.18000000  0.41935706 0.04663852
4.19000000  0.42017030 0.04673298
4.20000000  0.42099646 0.04688130
4.21000000  0.42114859 0.04673426
4.22000000  0.42107691 0.04680034
4.23000000  0.42077364 0.04693665
4.24000000  0.42290129 0.04696433
4.25000000  0.42214385 0.04702476
4.26000000  0.42355010 0.04704058
4.27000000  0.42353131 0.04720915
4.28000000  0.42382591 0.04717394
4.29000000  0.42451777 0.04729385
4.30000000  0.42527793 0.04731045
4.31000000  0.42571390 0.04730413
4.32000000  0.42687834 0.04752194
4.33000000  0.42711026 0.04748682
4.34000000  0.42737526 0.04750774
4.35000000  0.42744171 0.04758689
4.36000000  0.42785036 0.04764964
4.37000000  0.42892320 0.04767379
4.38000000  0.42936217 0.04771823
4.39000000  0.42816490 0.04779743
4.40000000  0.42987613 0.04791541
4.41000000  0.43072749 0.04784891
4.42000000  0.43047019 0.04791936
4.43000000  0.43187515 0.04802884
4.44000000  0.43198155 0.04817158
4.45000000  0.43249609 0.04816071
4.46000000  0.43216161 0.04815375
4.47000000  0.43379444 0.04829543
4.48000000  0.43325739 0.04832665
4.49000000  0.43470625 0.04835100
4.50000000  0.43477098 0.04829812
4.51000000  0.43450792 0.04851079
4.52000000  0.43513965 0.04849698
4.53000000  0.43643807 0.04859261
4.54000000  0.43619966 0.04860427
4.55000000  0.43674945 0.04870824
4.56000000  0.43784896 0.04879035
4.57000000  0.43886279 0.04883723
4.58000000  0.43792170 0.04893230
4.59000000  0.43889021 0.04894743
4.60000000  0.44028865 0.04904759
4.61000000  0.43994150 0.04903146
4.62000000  0.44089501 0.04915731
4.63000000  0.44066417 0.04905051
4.64000000  0.44125109 0.04931571
4.65000000  0.44236779 0.04921715
4.66000000  0.44322443 0.04939972
4.67000000  0.44225577 0.04952211
4.68000000  0.44406469 0.04958446
4.69000000  0.44410931 0.04960230
4.70000000  0.44461000 0.04959935
4.71000000  0.44399102 0.04976829
4.72000000  0.44536568 0.04967058
4.73000000  0.44615385 0.04992239
4.74000000  0.44632564 0.04991978
4.75000000  0.44751292 0.04993773
4.76000000  0.44781444 0.04999778
4.77000000  0.44916444 0.04998878
4.78000000  0.44896889 0.05019054
4.79000000  0.44979251 0.05021120
4.80000000  0.44962854 0.05022778
4.81000000  0.45087361 0.05040525
4.82000000  0.45050104 0.05041281
4.83000000  0.45151400 0.05043035
4.84000000  0.45085402 0.05056221
4.85000000  0.45201301 0.05057313
4.86000000  0.45174336 0.05062949
4.87000000  0.45370681 0.05074567
4.88000000  0.45305939 0.05078432
4.89000000  0.45375165 0.05089353
4.90000000  0.45411237 0.05103160
4.91000000  0.45643111 0.05102207
4.92000000  0.45584509 0.05094361
4.93000000  0.45575533 0.05113550
4.94000000  0.45633985 0.05127306
4.95000000  0.45748528 0.05126687
4.96000000  0.45747578 0.05143546
4.97000000  0.45816161 0.05141047
4.98000000  0.45815535 0.05145953
4.99000000  0.45947504 0.05152235
