0.00000000  0.14015363 0.14003354
0.01000000  0.14118038 0.13811008
0.02000000  0.14293552 0.13621361
0.03000000  0.14412479 0.13418533
0.04000000  0.14565611 0.13239931
0.05000000  0.14698901 0.13016160
0.06000000  0.14775051 0.12839539
0.07000000  0.14924098 0.12674302
0.08000000  0.15031378 0.12497131
0.09000000  0.15175565 0.12349411
0.10000000  0.15312779 0.12179141
0.11000000  0.15426291 0.11992359
0.12000000  0.15545421 0.11864593
0.13000000  0.15640863 0.11691733
0.14000000  0.15790968 0.11536575
0.15000000  0.15876693 0.11390738
0.16000000  0.16017956 0.11244836
0.17000000  0.16137455 0.11083215
0.18000000  0.16223644 0.10949846
0.19000000  0.16358346 0.10815620
0.20000000  0.16458539 0.10683317
0.21000000  0.16570599 0.10529779
0.22000000  0.16644207 0.10395352
0.23000000  0.16755295 0.10264433
0.24000000  0.16822960 0.10145176
0.25000000  0.16975317 0.10029270
0.26000000  0.17049471 0.09895133
0.27000000  0.17163013 0.09787623
0.28000000  0.17250766 0.09670296
0.29000000  0.17361101 0.09553193
0.30000000  0.17439234 0.09441945
0.31000000  0.17535451 0.09309507
0.32000000  0.17660203 0.09219394
0.33000000  0.17735391 0.09112198
0.34000000  0.17815652 0.09004677
0.35000000  0.17900448 0.08896736
0.36000000  0.17975303 0.08781516
0.37000000  0.18039092 0.08693213
0.38000000  0.18173077 0.08599590
0.39000000  0.18250134 0.08499956
0.40000000  0.18319425 0.08403545
0.41000000  0.18438495 0.08318783
0.42000000  0.18510079 0.08221106
0.43000000  0.18595056 0.08144440
0.44000000  0.18688310 0.08052548
0.45000000  0.18733160 0.07960868
0.46000000  0.18792157 0.07880630
0.47000000  0.18915290 0.07802189
0.48000000  0.18980100 0.07728972
0.49000000  0.19050406 0.07650334
0.50000000  0.19119878 0.07569654
0.51000000  0.19201870 0.07494369
0.52000000  0.19246476 0.07411262
0.53000000  0.19363905 0.07350497
0.54000000  0.19489571 0.07270664
0.55000000  0.19487142 0.07210004
0.56000000  0.19577844 0.07135251
0.57000000  0.19638385 0.07075372
0.58000000  0.19739831 0.07002414
0.59000000  0.19816193 0.06950467
0.60000000  0.19866294 0.06879597
0.61000000  0.19924777 0.06820898
0.62000000  0.19992360 0.06759381
0.63000000  0.20036243 0.06708758
0.64000000  0.20123667 0.06639567
0.65000000  0.20171086 0.06576009
0.66000000  0.20220588 0.06525675
0.67000000  0.20318866 0.06466619
0.68000000  0.20417673 0.06428012
0.69000000  0.20452903 0.06367687
0.70000000  0.20490257 0.06319586
0.71000000  0.20561605 0.06257684
0.72000000  0.20642384 0.06215169
0.73000000  0.20694278 0.06159469
0.74000000  0.20796165 0.06119451
0.75000000  0.20770002 0.06055766
0.76000000  0.20864110 0.06020304
0.77000000  0.20963450 0.05977686
0.78000000  0.21019638 0.05939638
0.79000000  0.21077189 0.05890133
0.80000000  0.21106862 0.05851678
0.81000000  0.21186578 0.05806578
0.82000000  0.21244900 0.05765519
0.83000000  0.21339887 0.05725334
0.84000000  0.21314491 0.05687398
0.85000000  0.21411485 0.05648623
0.86000000  0.21454891 0.05615409
0.87000000  0.21542302 0.05578213
0.88000000  0.21543799 0.05542054
0.89000000  0.21602610 0.05499438
0.90000000  0.21683581 0.05466749
0.91000000  0.21766605 0.05424802
0.92000000  0.21831820 0.05407756
0.93000000  0.21807973 0.05366392
0.94000000  0.21925272 0.05330490
0.95000000  0.21942124 0.05294134
0.96000000  0.22038056 0.05271786
0.97000000  0.22023045 0.05249293
0.98000000  0.22154801 0.05208590
0.99000000  0.22150010 0.05178989
1.00000000  0.22245362 0.05154487
1.01000000  0.22298109 0.05121701
1.02000000  0.22312510 0.05095446
1.03000000  0.22378462 0.05067409
1.04000000  0.22402331 0.05046416
1.05000000  0.22495114 0.05027858
1.06000000  0.22512282 0.04997219
1.07000000  0.22570310 0.04971854
1.08000000  0.22627322 0.04949463
1.09000000  0.22692887 0.04918138
1.10000000  0.22746480 0.04900247
1.11000000  0.22754265 0.04866704
1.12000000  0.22815469 0.04839188
1.13000000  0.22860577 0.04833629
1.14000000  0.22918396 0.04806156
1.15000000  0.22942937 0.04780855
1.16000000  0.23049203 0.04767647
1.17000000  0.23091313 0.04751882
1.18000000  0.23123233 0.04725606
1.19000000  0.23138564 0.04702100
1.20000000  0.23235502 0.04691691
1.21000000  0.23248796 0.04659325
1.22000000  0.23302430 0.04653077
1.23000000  0.23369663 0.04632092
1.24000000  0.23353662 0.04613461
1.25000000  0.23408144 0.04592950
1.26000000  0.23462216 0.04583562
1.27000000  0.23531272 0.04561801
1.28000000  0.23561743 0.04545677
1.29000000  0.23625068 0.04530799
1.30000000  0.23648278 0.04520885
1.31000000  0.23754368 0.04492752
1.32000000  0.23763808 0.04482509
1.33000000  0.23783885 0.04471532
1.34000000  0.23846406 0.04453508
1.35000000  0.23895893 0.04443981
1.36000000  0.23943064 0.04431170
1.37000000  0.23966845 0.04405330
1.38000000  0.24009945 0.04397677
1.39000000  0.24090920 0.04384903
1.40000000  0.24106461 0.04378230
1.41000000  0.24162093 0.04361357
1.42000000  0.24180398 0.04352427
1.43000000  0.24229285 0.04337500
1.44000000  0.24258252 0.04326638
1.45000000  0.24358033 0.04316407
1.46000000  0.24385713 0.04304716
1.47000000  0.24387038 0.04288440
1.48000000  0.24463944 0.04280024
1.49000000  0.24539369 0.04271223
1.50000000  0.24531877 0.04259666
1.51000000  0.24565808 0.04249093
1.52000000  0.24642641 0.04240724
1.53000000  0.24677606 0.04232171
1.54000000  0.24721247 0.04220319
1.55000000  0.24741412 0.04205149
1.56000000  0.24787885 0.04204342
1.57000000  0.24785113 0.04200585
1.58000000  0.24859227 0.04187760
1.59000000  0.24906806 0.04172792
1.60000000  0.24891843 0.04163246
1.61000000  0.25007240 0.04149986
1.62000000  0.25031634 0.04157918
1.63000000  0.25054800 0.04145718
1.64000000  0.25123487 0.04122492
1.65000000  0.25139735 0.04129283
1.66000000  0.25171362 0.04118936
1.67000000  0.25240771 0.04110578
1.68000000  0.25305566 0.04108398
1.69000000  0.25300520 0.04091090
1.70000000  0.25369665 0.04095462
1.71000000  0.25365192 0.04085198
1.72000000  0.25446806 0.04075739
1.73000000  0.25517369 0.04076260
1.74000000  0.25579626 0.04071816
1.75000000  0.25531170 0.04063592
1.76000000  0.25613183 0.04047788
1.77000000  0.25631777 0.04059304
1.78000000  0.25696422 0.04042346
1.79000000  0.25759872 0.04037376
1.80000000  0.25765457 0.04037434
1.81000000  0.25840311 0.04029644
1.82000000  0.25832030 0.04021741
1.83000000  0.25865783 0.04019615
1.84000000  0.25965435 0.04011234
1.85000000  0.25968025 0.04007214
1.86000000  0.26050628 0.03996471
1.87000000  0.25990155 0.03995839
1.88000000  0.26129131 0.03992966
1.89000000  0.26134053 0.03986565
1.90000000  0.26189621 0.03991336
1.91000000  0.26212174 0.03985274
1.92000000  0.26264382 0.03978067
1.93000000  0.26325902 0.03976336
1.94000000  0.26380170 0.03960576
1.95000000  0.26378006 0.03964760
1.96000000  0.26437874 0.03957453
1.97000000  0.26476664 0.03951355
1.98000000  0.26488958 0.03952502
1.99000000  0.26536442 0.03950950
2.00000000  0.26617348 0.03945542
2.01000000  0.26614640 0.03936184
2.02000000  0.26703119 0.03946200
2.03000000  0.26683946 0.03930707
2.04000000  0.26733777 0.03932614
2.05000000  0.26765192 0.03934235
2.06000000  0.26822986 0.03929328
2.07000000  0.26895330 0.03919785
2.08000000  0.26892359 0.03925212
2.09000000  0.26969661 0.03915652
2.10000000  0.26995478 0.03913671
2.11000000  0.27031144 0.03912121
2.12000000  0.27097021 0.03902668
2.13000000  0.27084631 0.03908137
2.14000000  0.27109908 0.03902016
2.15000000  0.27222785 0.03900087
2.16000000  0.27196136 0.03894834
2.17000000  0.27212959 0.03897380
2.18000000  0.27207083 0.03895241
2.19000000  0.27309439 0.03895420
2.20000000  0.27363043 0.03903595
2.21000000  0.27386899 0.03900908
2.22000000  0.27511892 0.03886588
2.23000000  0.27498645 0.03888983
2.24000000  0.27545366 0.03882507
2.25000000  0.27579426 0.03881177
2.26000000  0.27610785 0.03880097
2.27000000  0.27685171 0.03884091
2.28000000  0.27675873 0.03876785
2.29000000  0.27718772 0.03877230
2.30000000  0.27788869 0.03879716
2.31000000  0.27800318 0.03876452
2.32000000  0.27845601 0.03873340
2.33000000  0.27823853 0.03880039
2.34000000  0.27904575 0.03870713
2.35000000  0.27905326 0.03867506
2.36000000  0.27990800 0.03868568
2.37000000  0.28028357 0.03862942
2.38000000  0.28044423 0.03861675
2.39000000  0.28149145 0.03865879
2.40000000  0.28131256 0.03864277
2.41000000  0.28224749 0.03860544
2.42000000  0.28196339 0.03861509
2.43000000  0.28199110 0.03864711
2.44000000  0.28282186 0.03860261
2.45000000  0.28359234 0.03856870
2.46000000  0.28316547 0.03858629
2.47000000  0.28368574 0.03859316
2.48000000  0.28442228 0.03857482
2.49000000  0.28504448 0.03857833
2.50000000  0.28548082 0.03854301
2.51000000  0.28543296 0.03854832
2.52000000  0.28618245 0.03859640
2.53000000  0.28614909 0.03860324
2.54000000  0.28621117 0.03860535
2.55000000  0.28720564 0.03857982
2.56000000  0.28747423 0.03856336
2.57000000  0.28815426 0.03857702
2.58000000  0.28837169 0.03848432
2.59000000  0.28881896 0.03851955
2.60000000  0.28924725 0.03848418
2.61000000  0.28907887 0.03855986
2.62000000  0.29021619 0.03851092
2.63000000  0.28993053 0.03853435
2.64000000  0.29057039 0.03851061
2.65000000  0.29057503 0.03852889
2.66000000  0.29093833 0.03853578
2.67000000  0.29131392 0.03853685
2.68000000  0.29201474 0.03857710
2.69000000  0.29261563 0.03855073
2.70000000  0.29324910 0.03863022
2.71000000  0.29319431 0.03847306
2.72000000  0.29386314 0.03851849
2.73000000  0.29439434 0.03857672
2.74000000  0.29474393 0.03850564
2.75000000  0.29532134 0.03850222
2.76000000  0.29516475 0.03855047
2.77000000  0.29586145 0.03857562
2.78000000  0.29591167 0.03854247
2.79000000  0.29640722 0.03856935
2.80000000  0.29697271 0.03856541
2.81000000  0.29717897 0.03859591
2.82000000  0.29766227 0.03858907
2.83000000  0.29778819 0.03855823
2.84000000  0.29848955 0.03860190
2.85000000  0.29856370 0.03860539
2.86000000  0.29907446 0.03860389
2.87000000  0.29917016 0.03868004
2.88000000  0.29998316 0.03862250
2.89000000  0.30025344 0.03859059
2.90000000  0.30074320 0.03860180
2.91000000  0.30097791 0.03859301
2.92000000  0.30112944 0.03863903
2.93000000  0.30212524 0.03859613
2.94000000  0.30188546 0.03869176
2.95000000  0.30248126 0.03865136
2.96000000  0.30294906 0.03863625
2.97000000  0.30347934 0.03862999
2.98000000  0.30307991 0.03868742
2.99000000  0.30405664 0.03868870
3.00000000  0.30433521 0.03869236
3.01000000  0.30444782 0.03868793
3.02000000  0.30546457 0.03871951
3.03000000  0.30533339 0.03867949
3.04000000  0.30621293 0.03875844
3.05000000  0.30667751 0.03872120
3.06000000  0.30660350 0.03868387
3.07000000  0.30760073 0.03877110
3.08000000  0.30743051 0.03876429
3.09000000  0.30813056 0.03880459
3.10000000  0.30882730 0.03879046
3.11000000  0.30861925 0.03875481
3.12000000  0.30967416 0.03876792
3.13000000  0.30952365 0.03886592
3.14000000  0.30957828 0.03875150
3.15000000  0.31022853 0.03880737
3.16000000  0.31114989 0.03889522
3.17000000  0.31077872 0.03895758
3.18000000  0.31182487 0.03892650
3.19000000  0.31125453 0.03889426
3.20000000  0.31251244 0.03885934
3.21000000  0.31310528 0.03889022
3.22000000  0.31296379 0.03888908
3.23000000  0.31390886 0.03892555
3.24000000  0.31354194 0.03897185
3.25000000  0.31416358 0.03891346
3.26000000  0.31437038 0.03896025
3.27000000  0.31488169 0.03894479
3.28000000  0.31551336 0.03901634
3.29000000  0.31611365 0.03904792
3.30000000  0.31594218 0.03900139
3.31000000  0.31681945 0.03907777
3.32000000  0.31661281 0.03900037
3.33000000  0.31701688 0.03905899
3.34000000  0.31762995 0.03908081
3.35000000  0.31816583 0.03910686
3.36000000  0.31830093 0.03917896
3.37000000  0.31918305 0.03912487
3.38000000  0.31956454 0.03906579
3.39000000  0.31954641 0.03909054
3.40000000  0.31924387 0.03913171
3.41000000  0.32031464 0.03912684
3.42000000  0.32077870 0.03915923
3.43000000  0.32080902 0.03919511
3.44000000  0.32187475 0.03922313
3.45000000  0.32157951 0.03928655
3.46000000  0.32259974 0.03920416
3.47000000  0.32307315 0.03926457
3.48000000  0.32352836 0.03922618
3.49000000  0.32376886 0.03931971
3.50000000  0.32463388 0.03934398
3.51000000  0.32432011 0.03939669
3.52000000  0.32474164 0.03942720
3.53000000  0.32475778 0.03935796
3.54000000  0.32453820 0.03939343
3.55000000  0.32578698 0.03950170
3.56000000  0.32585160 0.03936399
3.57000000  0.32636396 0.03942430
3.58000000  0.32738856 0.03951332
3.59000000  0.32744268 0.03943586
3.60000000  0.32773685 0.03939683
3.61000000  0.32811592 0.03957934
3.62000000  0.32875582 0.03955105
3.63000000  0.32928318 0.03957673
3.64000000  0.32917133 0.03956786
3.65000000  0.32989431 0.03969913
3.66000000  0.33034054 0.03963960
3.67000000  0.33090070 0.03955912
3.68000000  0.33098725 0.03962211
3.69000000  0.33157167 0.03960563
3.70000000  0.33151958 0.03967688
3.71000000  0.33226227 0.03977514
3.72000000  0.33240442 0.03970452
3.73000000  0.33310039 0.03973191
3.74000000  0.33301899 0.03973467
3.75000000  0.33376654 0.03975279
3.76000000  0.33400965 0.03980282
3.77000000  0.33468177 0.03982544
3.78000000  0.33566286 0.03977594
3.79000000  0.33541526 0.03985888
3.80000000  0.33583202 0.03988360
3.81000000  0.33628699 0.03997534
3.82000000  0.33692775 0.03991572
3.83000000  0.33760219 0.03994860
3.84000000  0.33763073 0.03995089
3.85000000  0.33787808 0.04000377
3.86000000  0.33859336 0.03999916
3.87000000  0.33887328 0.04008400
3.88000000  0.33870240 0.04006486
3.89000000  0.33929267 0.04004318
3.90000000  0.33985914 0.04005576
3.91000000  0.33977763 0.04015620
3.92000000  0.34052532 0.04016807
3.93000000  0.34079313 0.04008954
3.94000000  0.34140999 0.04020433
3.95000000  0.34137894 0.04026651
3.96000000  0.34213066 0.04023620
3.97000000  0.34238590 0.04023839
3.98000000  0.34240949 0.04025807
3.99000000  0.34360043 0.04035220
4.00000000  0.34430949 0.04032112
4.01000000  0.34434786 0.04032327
4.02000000  0.34487965 0.04037887
4.03000000  0.34497479 0.04039514
4.04000000  0.34563355 0.04041960
4.05000000  0.34562065 0.04042726
4.06000000  0.34714912 0.04053715
4.07000000  0.34671968 0.04047170
4.08000000  0.34664857 0.04049439
4.09000000  0.34768487 0.04052380
4.10000000  0.34738919 0.04053719
4.11000000  0.34817140 0.04057819
4.12000000  0.34842962 0.04059197
4.13000000  0.34894905 0.04068795
4.14000000  0.34924684 0.04071148
4.15000000  0.34985670 0.04066303
4.16000000  0.35012950 0.04067498
4.17000000  0.34990251 0.04077125
4.18000000  0.35113680 0.04075806
4.19000000  0.35081945 0.04073746
4.20000000  0.35197145 0.04080997
4.21000000  0.35303992 0.04078660
4.22000000  0.35233555 0.04086427
4.23000000  0.35287552 0.04085772
4.24000000  0.35349249 0.04094683
4.25000000  0.35434553 0.04090728
4.26000000  0.35462075 0.04097637
4.27000000  0.35419204 0.04106115
4.28000000  0.35510590 0.04100440
4.29000000  0.35614320 0.04112399
4.30000000  0.35549663 0.04105553
4.31000000  0.35614998 0.04110208
4.32000000  0.35672128 0.04110304
4.33000000  0.35712379 0.04111273
4.34000000  0.35793464 0.04115184
4.35000000  0.35795544 0.04120901
4.36000000  0.35795651 0.04125774
4.37000000  0.35857488 0.04117872
4.38000000  0.35980377 0.04135704
4.39000000  0.35973175 0.04130798
4.40000000  0.35969262 0.04136314
4.41000000  0.36045327 0.04134617
4.42000000  0.36032772 0.04143347
4.43000000  0.36153627 0.04145530
4.44000000  0.36249914 0.04149294
4.45000000  0.36306413 0.04151566
4.46000000  0.36212934 0.04152639
4.47000000  0.36307206 0.04153032
4.48000000  0.36324020 0.04155162
4.49000000  0.36416763 0.04161624
4.50000000  0.36422657 0.04171678
4.51000000  0.36479179 0.04173972
4.52000000  0.36513672 0.04177134
4.53000000  0.36519971 0.04169292
4.54000000  0.36569081 0.04183191
4.55000000  0.36622816 0.04184437
4.56000000  0.36690646 0.04179078
4.57000000  0.36717626 0.04184161
4.58000000  0.36684422 0.04187546
4.59000000  0.36821569 0.04192250
4.60000000  0.36846581 0.04196038
4.61000000  0.36878535 0.04198541
4.62000000  0.36928982 0.04203658
4.63000000  0.36891046 0.04200858
4.64000000  0.37003411 0.04208234
4.65000000  0.37066552 0.04211768
4.66000000  0.37084094 0.04218672
4.67000000  0.37136020 0.04221818
4.68000000  0.37171194 0.04225681
4.69000000  0.37201920 0.04224964
4.70000000  0.37333696 0.04227192
4.71000000  0.37262811 0.04234609
4.72000000  0.37325819 0.04239266
4.73000000  0.37395135 0.04235777
4.74000000  0.37415878 0.04235623
4.75000000  0.37496627 0.04243422
4.76000000  0.37523629 0.04254184
4.77000000  0.37564833 0.04246292
4.78000000  0.37620831 0.04258997
4.79000000  0.37670395 0.04257523
4.80000000  0.37686416 0.04262973
4.81000000  0.37682925 0.04260750
4.82000000  0.37779247 0.04271626
4.83000000  0.37740768 0.04271625
4.84000000  0.37878362 0.04280917
4.85000000  0.37921707 0.04285074
4.86000000  0.37884554 0.04290291
4.87000000  0.38021059 0.04288270
4.88000000  0.37988385 0.04291479
4.89000000  0.38100891 0.04292621
4.90000000  0.38115498 0.04293025
4.91000000  0.38199674 0.04296845
4.92000000  0.38228259 0.04311308
4.93000000  0.38271066 0.04310747
4.94000000  0.38251476 0.04314257
4.95000000  0.38353609 0.04314837
4.96000000  0.38364450 0.04316443
4.97000000  0.38400765 0.04322627
4.98000000  0.38454252 0.04328241
4.99000000  0.38522979 0.04331675
