0.00000000  0.12973642 0.13000334
0.01000000  0.13124176 0.12964269
0.02000000  0.13275031 0.12881477
0.03000000  0.13418452 0.12845638
0.04000000  0.13543259 0.12796925
0.05000000  0.13652729 0.12738509
0.06000000  0.13783391 0.12699131
0.07000000  0.13895120 0.12634145
0.08000000  0.14011240 0.12620094
0.09000000  0.14167363 0.12549886
0.10000000  0.14276700 0.12506538
0.11000000  0.14419964 0.12431464
0.12000000  0.14522606 0.12402946
0.13000000  0.14671297 0.12350448
0.14000000  0.14776069 0.12299137
0.15000000  0.14883492 0.12260562
0.16000000  0.15019941 0.12190639
0.17000000  0.15123439 0.12166194
0.18000000  0.15285668 0.12139688
0.19000000  0.15391474 0.12082578
0.20000000  0.15505088 0.12032117
0.21000000  0.15625774 0.11996970
0.22000000  0.15741789 0.11930176
0.23000000  0.15837132 0.11890609
0.24000000  0.15981634 0.11857143
0.25000000  0.16093853 0.11808062
0.26000000  0.16224218 0.11753385
0.27000000  0.16337643 0.11695113
0.28000000  0.16458206 0.11684371
0.29000000  0.16547246 0.11614564
0.30000000  0.16689695 0.11592061
0.31000000  0.16770447 0.11571288
0.32000000  0.16937662 0.11498716
0.33000000  0.17012889 0.11470697
0.34000000  0.17159768 0.11413293
0.35000000  0.17260599 0.11375998
0.36000000  0.17367585 0.11349448
0.37000000  0.17480401 0.11272214
0.38000000  0.17608133 0.11270466
0.39000000  0.17685946 0.11203815
0.40000000  0.17829979 0.11163733
0.41000000  0.17918428 0.11122572
0.42000000  0.18065009 0.11081921
0.43000000  0.18169524 0.11056225
0.44000000  0.18301186 0.11021590
0.45000000  0.18346355 0.10967928
0.46000000  0.18479856 0.10946703
0.47000000  0.18587048 0.10905614
0.48000000  0.18701031 0.10862299
0.49000000  0.18833583 0.10827682
0.50000000  0.18890895 0.10781887
0.51000000  0.19010054 0.10739375
0.52000000  0.19130546 0.10700576
0.53000000  0.19226567 0.10673952
0.54000000  0.19351441 0.10621609
0.55000000  0.19452274 0.10597659
0.56000000  0.19567174 0.10556010
0.57000000  0.19645882 0.10518184
0.58000000  0.19717718 0.10517430
0.59000000  0.19850279 0.10444238
0.60000000  0.19991561 0.10424457
0.61000000  0.20102386 0.10391186
0.62000000  0.20180573 0.10347920
0.63000000  0.20304827 0.10341181
0.64000000  0.20398636 0.10285573
0.65000000  0.20490336 0.10254150
0.66000000  0.20608098 0.10213377
0.67000000  0.20669437 0.10191506
0.68000000  0.20791805 0.10136571
0.69000000  0.20906475 0.10110856
0.70000000  0.20992764 0.10068514
0.71000000  0.21130046 0.10027430
0.72000000  0.21201001 0.10035675
0.73000000  0.21320119 0.09978835
0.74000000  0.21409638 0.09945485
0.75000000  0.21486371 0.09903140
0.76000000  0.21569419 0.09857998
0.77000000  0.21673628 0.09839198
0.78000000  0.21816305 0.09826992
0.79000000  0.21928899 0.09777075
0.80000000  0.22000184 0.09758533
0.81000000  0.22097138 0.09725309
0.82000000  0.22186997 0.09696715
0.83000000  0.22254930 0.09646067
0.84000000  0.22367849 0.09631829
0.85000000  0.22506483 0.09609709
0.86000000  0.22578372 0.09582446
0.87000000  0.22652491 0.09544824
0.88000000  0.22731332 0.09519745
0.89000000  0.22906884 0.09486119
0.90000000  0.22943868 0.09448774
0.91000000  0.23071399 0.09424405
0.92000000  0.23114882 0.09397588
0.93000000  0.23254899 0.09357434
0.94000000  0.23298892 0.09329004
0.95000000  0.23427427 0.09305642
0.96000000  0.23570032 0.09272512
0.97000000  0.23621648 0.09246600
0.98000000  0.23693491 0.09229543
0.99000000  0.23795787 0.09186949
1.00000000  0.23869677 0.09163733
1.01000000  0.23925845 0.09145213
1.02000000  0.24058813 0.09100234
1.03000000  0.24153971 0.09089425
1.04000000  0.24239788 0.09069501
1.05000000  0.24333038 0.09022577
1.06000000  0.24429377 0.08993696
1.07000000  0.24504049 0.08971522
1.08000000  0.24605275 0.08950686
1.09000000  0.24702865 0.08915477
1.10000000  0.24812412 0.08896592
1.11000000  0.24874485 0.08871713
1.12000000  0.24948212 0.08843443
1.13000000  0.25044046 0.08815612
1.14000000  0.25092273 0.08786470
1.15000000  0.25244774 0.08763629
1.16000000  0.25284413 0.08733237
1.17000000  0.25455181 0.08716354
1.18000000  0.25438115 0.08680629
1.19000000  0.25599883 0.08652999
1.20000000  0.25696358 0.08636178
1.21000000  0.25731131 0.08612400
1.22000000  0.25851517 0.08596521
1.23000000  0.25867896 0.08554823
1.24000000  0.25979683 0.08537608
1.25000000  0.26098308 0.08505683
1.26000000  0.26190939 0.08478192
1.27000000  0.26255850 0.08462803
1.28000000  0.26313424 0.08451879
1.29000000  0.26458799 0.08422847
1.30000000  0.26517665 0.08406455
1.31000000  0.26626930 0.08374364
1.32000000  0.26684940 0.08341168
1.33000000  0.26773198 0.08336074
1.34000000  0.26846564 0.08323235
1.35000000  0.26937456 0.08303447
1.36000000  0.27007529 0.08258363
1.37000000  0.27100384 0.08239490
1.38000000  0.27136311 0.08214676
1.39000000  0.27245806 0.08191592
1.40000000  0.27366574 0.08172846
1.41000000  0.27469147 0.08135416
1.42000000  0.27516533 0.08137996
1.43000000  0.27610049 0.08104275
1.44000000  0.27707476 0.08090006
1.45000000  0.27730125 0.08067667
1.46000000  0.27810839 0.08048521
1.47000000  0.27910188 0.08017491
1.48000000  0.28012756 0.07991867
1.49000000  0.28077438 0.07974472
1.50000000  0.28147762 0.07952240
1.51000000  0.28222451 0.07925083
1.52000000  0.28303652 0.07922814
1.53000000  0.28369943 0.07896445
1.54000000  0.28434718 0.07860594
1.55000000  0.28547940 0.07858201
1.56000000  0.28633045 0.07834760
1.57000000  0.28696380 0.07823467
1.58000000  0.28807645 0.07804379
1.59000000  0.28823817 0.07773451
1.60000000  0.28937496 0.07741541
1.61000000  0.28985103 0.07744609
1.62000000  0.29083790 0.07715997
1.63000000  0.29166595 0.07687811
1.64000000  0.29209332 0.07670381
1.65000000  0.29329771 0.07648213
1.66000000  0.29373773 0.07619594
1.67000000  0.29451036 0.07614182
1.68000000  0.29604315 0.07603310
1.69000000  0.29628471 0.07563954
1.70000000  0.29710325 0.07557451
1.71000000  0.29774215 0.07532700
1.72000000  0.29851285 0.07515029
1.73000000  0.29917111 0.07512705
1.74000000  0.29990927 0.07472919
1.75000000  0.30134326 0.07469447
1.76000000  0.30148317 0.07434909
1.77000000  0.30175493 0.07426409
1.78000000  0.30338806 0.07406753
1.79000000  0.30328802 0.07392108
1.80000000  0.30408989 0.07364354
1.81000000  0.30531079 0.07364768
1.82000000  0.30606029 0.07343183
1.83000000  0.30632053 0.07302581
1.84000000  0.30761072 0.07309825
1.85000000  0.30818295 0.07269895
1.86000000  0.30890862 0.07263652
1.87000000  0.31003335 0.07241020
1.88000000  0.31049708 0.07224609
1.89000000  0.31115513 0.07224285
1.90000000  0.31189008 0.07196310
1.91000000  0.31302763 0.07166530
1.92000000  0.31343944 0.07159166
1.93000000  0.31351590 0.07142082
1.94000000  0.31490257 0.07143354
1.95000000  0.31540266 0.07115037
1.96000000  0.31630182 0.07084556
1.97000000  0.31724374 0.07084416
1.98000000  0.31757800 0.07060675
1.99000000  0.31803151 0.07050140
2.00000000  0.31845865 0.07011001
2.01000000  0.31884405 0.07004094
2.02000000  0.32073018 0.06990906
2.03000000  0.32078544 0.06974728
2.04000000  0.32170715 0.06967862
2.05000000  0.32251379 0.06941326
2.06000000  0.32265645 0.06928997
2.07000000  0.32342386 0.06922089
2.08000000  0.32419159 0.06895273
2.09000000  0.32523323 0.06872588
2.10000000  0.32562186 0.06862891
2.11000000  0.32675122 0.06843891
2.12000000  0.32757678 0.06827430
2.13000000  0.32767930 0.06818773
2.14000000  0.32828323 0.06791591
2.15000000  0.32957348 0.06782317
2.16000000  0.33017057 0.06776582
2.17000000  0.33079012 0.06763995
2.18000000  0.33132436 0.06744151
2.19000000  0.33125204 0.06744469
2.20000000  0.33210997 0.06708963
2.21000000  0.33307067 0.06706817
2.22000000  0.33361568 0.06675489
2.23000000  0.33401675 0.06665881
2.24000000  0.33487736 0.06645218
2.25000000  0.33587569 0.06632829
2.26000000  0.33667059 0.06614541
2.27000000  0.33667964 0.06612457
2.28000000  0.33798107 0.06586194
2.29000000  0.33911016 0.06572352
2.30000000  0.33925957 0.06565361
2.31000000  0.33997180 0.06548742
2.32000000  0.34067012 0.06523106
2.33000000  0.34103216 0.06516049
2.34000000  0.34249601 0.06510683
2.35000000  0.34228436 0.06493508
2.36000000  0.34305482 0.06481266
2.37000000  0.34426921 0.06457683
2.38000000  0.34409768 0.06454699
2.39000000  0.34535099 0.06437316
2.40000000  0.34603550 0.06422280
2.41000000  0.34628831 0.06405742
2.42000000  0.34642637 0.06388521
2.43000000  0.34745387 0.06376697
2.44000000  0.34881416 0.06364888
2.45000000  0.34833804 0.06350639
2.46000000  0.34871971 0.06335591
2.47000000  0.35044573 0.06320906
2.48000000  0.34998245 0.06316197
2.49000000  0.35118311 0.06289582
2.50000000  0.35250891 0.06266379
2.51000000  0.35330856 0.06274918
2.52000000  0.35355574 0.06260900
2.53000000  0.35448555 0.06231603
2.54000000  0.35471357 0.06229262
2.55000000  0.35513502 0.06213481
2.56000000  0.35637555 0.06207296
2.57000000  0.35688669 0.06185472
2.58000000  0.35704120 0.06168234
2.59000000  0.35744210 0.06145749
2.60000000  0.35841250 0.06157628
2.61000000  0.35886589 0.06139331
2.62000000  0.35938726 0.06135348
2.63000000  0.36021395 0.06103987
2.64000000  0.36040507 0.06102197
2.65000000  0.36133551 0.06089757
2.66000000  0.36212241 0.06067582
2.67000000  0.36233758 0.06058803
2.68000000  0.36328883 0.06042502
2.69000000  0.36357453 0.06028664
2.70000000  0.36401183 0.06005948
2.71000000  0.36546424 0.06000484
2.72000000  0.36493615 0.05986084
2.73000000  0.36644505 0.05989514
2.74000000  0.36679437 0.05958927
2.75000000  0.36724558 0.05962277
2.76000000  0.36766007 0.05950214
2.77000000  0.36888130 0.05935772
2.78000000  0.36940477 0.05919742
2.79000000  0.36979391 0.05917712
2.80000000  0.37026987 0.05895903
2.81000000  0.37074758 0.05884147
2.82000000  0.37195955 0.05866719
2.83000000  0.37164361 0.05852334
2.84000000  0.37207270 0.05854109
2.85000000  0.37382669 0.05834202
2.86000000  0.37389677 0.05823803
2.87000000  0.37456595 0.05814779
2.88000000  0.37514128 0.05807529
2.89000000  0.37520913 0.05783737
2.90000000  0.37577460 0.05775293
2.91000000  0.37644863 0.05768498
2.92000000  0.37724936 0.05745441
2.93000000  0.37827323 0.05736964
2.94000000  0.37847144 0.05724949
2.95000000  0.37910317 0.05710747
2.96000000  0.38024208 0.05701621
2.97000000  0.37970640 0.05699989
2.98000000  0.38107960 0.05684122
2.99000000  0.38121059 0.05666244
3.00000000  0.38165652 0.05655184
3.01000000  0.38206661 0.05659460
3.02000000  0.38274551 0.05637734
3.03000000  0.38385601 0.05621829
3.04000000  0.38388297 0.05616385
3.05000000  0.38508117 0.05602850
3.06000000  0.38529737 0.05592668
3.07000000  0.38640386 0.05579709
3.08000000  0.38534375 0.05569365
3.09000000  0.38660689 0.05554209
3.10000000  0.38814794 0.05556946
3.11000000  0.38763323 0.05531247
3.12000000  0.38874671 0.05513291
3.13000000  0.38991949 0.05514152
3.14000000  0.38959123 0.05494714
3.15000000  0.39097097 0.05489139
3.16000000  0.39052308 0.05478197
3.17000000  0.39108034 0.05468131
3.18000000  0.39183479 0.05457231
3.19000000  0.39196467 0.05447342
3.20000000  0.39246163 0.05435078
3.21000000  0.39303311 0.05426889
3.22000000  0.39401404 0.05415836
3.23000000  0.39472805 0.05405620
3.24000000  0.39569451 0.05388947
3.25000000  0.39690803 0.05380397
3.26000000  0.39632943 0.05375567
3.27000000  0.39625202 0.05356062
3.28000000  0.39742651 0.05357278
3.29000000  0.39755218 0.05338824
3.30000000  0.39844566 0.05328042
3.31000000  0.39903922 0.05320462
3.32000000  0.39900844 0.05302994
3.33000000  0.39985364 0.05297900
3.34000000  0.40025235 0.05285964
3.35000000  0.40106045 0.05276241
3.36000000  0.40124468 0.05264832
3.37000000  0.40227221 0.05255549
3.38000000  0.40188568 0.05239756
3.39000000  0.40234587 0.05242895
3.40000000  0.40369126 0.05222311
3.41000000  0.40430465 0.05215203
3.42000000  0.40450953 0.05205113
3.43000000  0.40475751 0.05192478
3.44000000  0.40531156 0.05178257
3.45000000  0.40628972 0.05171423
3.46000000  0.40739547 0.05164001
3.47000000  0.40720678 0.05149903
3.48000000  0.40729460 0.05135788
3.49000000  0.40806722 0.05131763
3.50000000  0.40855473 0.05125571
3.51000000  0.40988270 0.05108185
3.52000000  0.41026757 0.05105835
3.53000000  0.41038987 0.05092054
3.54000000  0.41113498 0.05078237
3.55000000  0.41144071 0.05069808
3.56000000  0.41164118 0.05059822
3.57000000  0.41243186 0.05041287
3.58000000  0.41286937 0.05039078
3.59000000  0.41259613 0.05028292
3.60000000  0.41382774 0.05016497
3.61000000  0.41425923 0.05015080
3.62000000  0.41437807 0.04999822
3.63000000  0.41530603 0.04989096
3.64000000  0.41545469 0.04979575
3.65000000  0.41625871 0.04959860
3.66000000  0.41693470 0.04954332
3.67000000  0.41648958 0.04956276
3.68000000  0.41798250 0.04941127
3.69000000  0.41824374 0.04930596
3.70000000  0.41877733 0.04916375
3.71000000  0.41911717 0.04907319
3.72000000  0.42011611 0.04905294
3.73000000  0.42047112 0.04886364
3.74000000  0.42024459 0.04883844
3.75000000  0.42129062 0.04872726
3.76000000  0.42270066 0.04856659
3.77000000  0.42211809 0.04856248
3.78000000  0.42243782 0.04850642
3.79000000  0.42296843 0.04844733
3.80000000  0.42342791 0.04826532
3.81000000  0.42512872 0.04818072
3.82000000  0.42488662 0.04813454
3.83000000  0.42511097 0.04800454
3.84000000  0.42522966 0.04783743
3.85000000  0.42657350 0.04780256
3.86000000  0.42642912 0.04775014
3.87000000  0.42694313 0.04761833
3.88000000  0.42727441 0.04743572
3.89000000  0.42774580 0.04730878
3.90000000  0.42853005 0.04724861
3.91000000  0.42919406 0.04719502
3.92000000  0.42957456 0.04709767
3.93000000  0.43007784 0.04709294
3.94000000  0.43061953 0.04684080
3.95000000  0.43094596 0.04683735
3.96000000  0.43177583 0.04671794
3.97000000  0.43167834 0.04665482
3.98000000  0.43265817 0.04662277
3.99000000  0.43324701 0.04648910
4.00000000  0.43359078 0.04638241
4.01000000  0.43355027 0.04629572
4.02000000  0.43361302 0.04622132
4.03000000  0.43521618 0.04608851
4.04000000  0.43431631 0.04595266
4.05000000  0.43494491 0.04592119
4.06000000  0.43593873 0.04592863
4.07000000  0.43618737 0.04566251
4.08000000  0.43685964 0.04566624
4.09000000  0.43731175 0.04555578
4.10000000  0.43797176 0.04540904
4.11000000  0.43754509 0.04546538
4.12000000  0.43861222 0.04529026
4.13000000  0.43956090 0.04521924
4.14000000  0.43929124 0.04506388
4.15000000  0.44042860 0.04499396
4.16000000  0.44040922 0.04482694
4.17000000  0.44085867 0.04483307
4.18000000  0.44181640 0.04469603
4.19000000  0.44146914 0.04462236
4.20000000  0.44239783 0.04457131
4.21000000  0.44279597 0.04439315
4.22000000  0.44360043 0.04433016
4.23000000  0.44442488 0.04433689
4.24000000  0.44464337 0.04418711
4.25000000  0.44468097 0.04414140
4.26000000  0.44473646 0.04405751
4.27000000  0.44577314 0.04394424
4.28000000  0.44618790 0.04385010
4.29000000  0.44655812 0.04373227
4.30000000  0.44671438 0.04372161
4.31000000  0.44684148 0.04360543
4.32000000  0.44734362 0.04350122
4.33000000  0.44774677 0.04338070
4.34000000  0.44724783 0.04325781
4.35000000  0.44921632 0.04326752
4.36000000  0.44896619 0.04317199
4.37000000  0.44955713 0.04302865
4.38000000  0.45035615 0.04298512
4.39000000  0.45043820 0.04289235
4.40000000  0.45131476 0.04277289
4.41000000  0.45219092 0.04272613
4.42000000  0.45243601 0.04269051
4.43000000  0.45269431 0.04255005
4.44000000  0.45295238 0.04246908
4.45000000  0.45313371 0.04230732
4.46000000  0.45328601 0.04228596
4.47000000  0.45369549 0.04216979
4.48000000  0.45413375 0.04215257
4.49000000  0.45440633 0.04203491
4.50000000  0.45519377 0.04189071
4.51000000  0.45526059 0.04186319
4.52000000  0.45588584 0.04179376
4.53000000  0.45692768 0.04163911
4.54000000  0.45724234 0.04156471
4.55000000  0.45745503 0.04148148
4.56000000  0.45704850 0.04145059
4.57000000  0.45777122 0.04137724
4.58000000  0.45874367 0.04120325
4.59000000  0.45841887 0.04125189
4.60000000  0.46046207 0.04117465
4.61000000  0.45991724 0.04097722
4.62000000  0.46026610 0.04093531
4.63000000  0.46091669 0.04088772
4.64000000  0.46144768 0.04078276
4.65000000  0.46108646 0.04068955
4.66000000  0.46249305 0.04056360
4.67000000  0.46197096 0.04051527
4.68000000  0.46292954 0.04038998
4.69000000  0.46341894 0.04032110
4.70000000  0.46367366 0.04023090
4.71000000  0.46422405 0.04014091
4.72000000  0.46395709 0.04014931
4.73000000  0.46430337 0.03993342
4.74000000  0.46452299 0.03994007
4.75000000  0.46588205 0.03984719
4.76000000  0.46646861 0.03973559
4.77000000  0.46595125 0.03967387
4.78000000  0.46670863 0.03954358
4.79000000  0.46761258 0.03943296
4.80000000  0.46698557 0.03945267
4.81000000  0.46803253 0.03935849
4.82000000  0.46810040 0.03924329
4.83000000  0.46857271 0.03922868
4.84000000  0.46887696 0.03914424
4.85000000  0.46939417 0.03903493
4.86000000  0.47008691 0.03888645
4.87000000  0.47064173 0.03884080
4.88000000  0.46958576 0.03883157
4.89000000  0.47079481 0.03870510
4.90000000  0.47118280 0.03857792
4.91000000  0.47146999 0.03859750
4.92000000  0.47196949 0.03844947
4.93000000  0.47289321 0.03835822
4.94000000  0.47252980 0.03830586
4.95000000  0.47287452 0.03819578
4.96000000  0.47438595 0.03808349
4.97000000  0.47445770 0.03803509
4.98000000  0.47480614 0.03793637
4.99000000  0.47403664 0.03783586
