0.00000000  0.01000458 0.01001153
0.01000000  0.01009373 0.01084152
0.02000000  0.01020692 0.01168162
0.03000000  0.01033381 0.01250008
0.04000000  0.01048027 0.01329284
0.05000000  0.01061768 0.01415249
0.06000000  0.01074568 0.01493184
0.07000000  0.01088199 0.01570382
0.08000000  0.01107033 0.01647998
0.09000000  0.01123506 0.01726339
0.10000000  0.01140470 0.01803953
0.11000000  0.01159620 0.01874807
0.12000000  0.01179516 0.01953498
0.13000000  0.01198308 0.02029110
0.14000000  0.01220469 0.02098912
0.15000000  0.01239284 0.02169682
0.16000000  0.01262522 0.02243349
0.17000000  0.01285392 0.02312919
0.18000000  0.01309085 0.02387505
0.19000000  0.01332062 0.02456126
0.20000000  0.01356839 0.02525733
0.21000000  0.01383129 0.02584730
0.22000000  0.01412131 0.02654079
0.23000000  0.01435335 0.02715960
0.24000000  0.01463800 0.02786324
0.25000000  0.01492120 0.02848424
0.26000000  0.01523122 0.02917583
0.27000000  0.01548985 0.02975802
0.28000000  0.01580532 0.03036719
0.29000000  0.01610876 0.03103005
0.30000000  0.01642735 0.03164246
0.31000000  0.01675496 0.03218890
0.32000000  0.01710755 0.03280903
0.33000000  0.01744250 0.03340536
0.34000000  0.01772000 0.03402916
0.35000000  0.01806716 0.03461468
0.36000000  0.01842378 0.03514351
0.37000000  0.01877117 0.03572274
0.38000000  0.01916394 0.03625390
0.39000000  0.01950104 0.03685091
0.40000000  0.01990424 0.03728989
0.41000000  0.02022550 0.03790717
0.42000000  0.02060311 0.03841402
0.43000000  0.02102006 0.03894114
0.44000000  0.02140869 0.03944562
0.45000000  0.02180213 0.03992410
0.46000000  0.02220641 0.04039227
0.47000000  0.02265107 0.04088040
0.48000000  0.02302249 0.04137785
0.49000000  0.02342053 0.04187990
0.50000000  0.02383832 0.04237748
0.51000000  0.02428141 0.04282546
0.52000000  0.02470747 0.04334681
0.53000000  0.02513498 0.04372081
0.54000000  0.02558271 0.04420260
0.55000000  0.02603868 0.04464669
0.56000000  0.02648461 0.04512106
0.57000000  0.02699026 0.04552433
0.58000000  0.02737511 0.04589953
0.59000000  0.02779702 0.04633522
0.60000000  0.02830568 0.04678637
0.61000000  0.02882855 0.04727708
0.62000000  0.02928838 0.04763649
0.63000000  0.02973162 0.04800214
0.64000000  0.03026438 0.04841768
0.65000000  0.03074141 0.04884135
0.66000000  0.03122468 0.04926450
0.67000000  0.03175977 0.04956193
0.68000000  0.03224319 0.04995345
0.69000000  0.03268470 0.05036038
0.70000000  0.03321586 0.05082786
0.71000000  0.03367088 0.05105319
0.72000000  0.03422830 0.05142795
0.73000000  0.03471075 0.05176177
0.74000000  0.03525505 0.05216196
0.75000000  0.03569105 0.05239942
0.76000000  0.03629072 0.05286686
0.77000000  0.03682992 0.05313986
0.78000000  0.03734109 0.05349791
0.79000000  0.03795178 0.05380121
0.80000000  0.03846484 0.05420185
0.81000000  0.03895150 0.05457573
0.82000000  0.03955326 0.05489538
0.83000000  0.04010212 0.05515542
0.84000000  0.04067907 0.05536038
0.85000000  0.04120423 0.05578921
0.86000000  0.04178803 0.05615504
0.87000000  0.04230630 0.05642472
0.88000000  0.04283252 0.05673553
0.89000000  0.04345447 0.05697416
0.90000000  0.04399830 0.05730340
0.91000000  0.04455368 0.05757534
0.92000000  0.04522697 0.05784567
0.93000000  0.04576231 0.05811448
0.94000000  0.04627348 0.05843715
0.95000000  0.04691614 0.05873699
0.96000000  0.04751102 0.05904280
0.97000000  0.04822552 0.05932678
0.98000000  0.04875937 0.05939968
0.99000000  0.04926915 0.05977717
1.00000000  0.04986911 0.05998526
1.01000000  0.05057271 0.06031178
1.02000000  0.05109303 0.06060391
1.03000000  0.05168771 0.06081628
1.04000000  0.05228462 0.06106667
1.05000000  0.05288148 0.06135052
1.06000000  0.05354143 0.06170115
1.07000000  0.05418998 0.06186982
1.08000000  0.05477352 0.06218876
1.09000000  0.05550101 0.06238704
1.10000000  0.05607442 0.06258293
1.11000000  0.05660196 0.06277036
1.12000000  0.05735748 0.06307937
1.13000000  0.05783690 0.06330641
1.14000000  0.05848097 0.06345728
1.15000000  0.05912534 0.06378121
1.16000000  0.05985016 0.06384108
1.17000000  0.06038131 0.06429701
1.18000000  0.06113126 0.06456833
1.19000000  0.06183893 0.06466696
1.20000000  0.06239006 0.06482543
1.21000000  0.06297356 0.06506785
1.22000000  0.06375010 0.06532424
1.23000000  0.06439282 0.06559990
1.24000000  0.06494991 0.06581314
1.25000000  0.06571136 0.06607257
1.26000000  0.06632006 0.06627102
1.27000000  0.06703162 0.06657355
1.28000000  0.06764401 0.06674026
1.29000000  0.06831962 0.06692254
1.30000000  0.06913501 0.06712205
1.31000000  0.06966903 0.06733765
1.32000000  0.07036336 0.06764820
1.33000000  0.07098438 0.06786090
1.34000000  0.07180378 0.06799665
1.35000000  0.07240608 0.06838119
1.36000000  0.07310343 0.06858720
1.37000000  0.07377017 0.06870417
1.38000000  0.07440047 0.06905692
1.39000000  0.07515819 0.06917094
1.40000000  0.07574818 0.06939607
1.41000000  0.07663320 0.06962006
1.42000000  0.07704420 0.06974610
1.43000000  0.07798345 0.07018326
1.44000000  0.07868439 0.07037769
1.45000000  0.07940033 0.07036660
1.46000000  0.08006839 0.07067067
1.47000000  0.08068785 0.07096741
1.48000000  0.08146602 0.07116353
1.49000000  0.08212923 0.07136525
1.50000000  0.08278754 0.07159729
1.51000000  0.08352689 0.07183032
1.52000000  0.08430206 0.07207070
1.53000000  0.08518598 0.07224318
1.54000000  0.08574194 0.07245608
1.55000000  0.08646578 0.07257176
1.56000000  0.08700765 0.07290483
1.57000000  0.08797432 0.07309519
1.58000000  0.08863166 0.07347865
1.59000000  0.08940790 0.07360684
1.60000000  0.09013431 0.07377141
1.61000000  0.09098423 0.07408688
1.62000000  0.09145798 0.07427796
1.63000000  0.09248104 0.07451581
1.64000000  0.09320920 0.07473936
1.65000000  0.09393827 0.07489680
1.66000000  0.09455532 0.07526798
1.67000000  0.09539494 0.07535076
1.68000000  0.09604867 0.07580233
1.69000000  0.09685430 0.07593255
1.70000000  0.09786152 0.07625302
1.71000000  0.09841358 0.07644552
1.72000000  0.09916586 0.07673449
1.73000000  0.10001977 0.07685434
1.74000000  0.10078136 0.07715478
1.75000000  0.10141933 0.07745476
1.76000000  0.10216938 0.07775835
1.77000000  0.10295843 0.07790863
1.78000000  0.10377921 0.07826309
1.79000000  0.10443013 0.07861377
1.80000000  0.10536639 0.07886200
1.81000000  0.10606157 0.07901508
1.82000000  0.10704434 0.07924930
1.83000000  0.10770580 0.07963552
1.84000000  0.10850473 0.07981749
1.85000000  0.10940907 0.08010648
1.86000000  0.11021375 0.08038767
1.87000000  0.11097445 0.08075902
1.88000000  0.11169232 0.08092604
1.89000000  0.11252799 0.08117136
1.90000000  0.11359507 0.08150288
1.91000000  0.11405790 0.08184119
1.92000000  0.11506224 0.08220247
1.93000000  0.11576538 0.08225139
1.94000000  0.11686726 0.08275371
1.95000000  0.11743122 0.08296369
1.96000000  0.11830685 0.08332647
1.97000000  0.11906270 0.08360499
1.98000000  0.11980024 0.08388254
1.99000000  0.12079225 0.08441075
2.00000000  0.12192403 0.08452796
2.01000000  0.12248302 0.08484356
2.02000000  0.12348291 0.08525399
2.03000000  0.12440884 0.08561529
2.04000000  0.12490784 0.08570223
2.05000000  0.12585685 0.08620897
2.06000000  0.12709714 0.08646153
2.07000000  0.12768610 0.08694216
2.08000000  0.12871819 0.08730955
2.09000000  0.12967175 0.08734131
2.10000000  0.13027961 0.08785143
2.11000000  0.13118733 0.08814016
2.12000000  0.13230821 0.08847255
2.13000000  0.13304537 0.08883960
2.14000000  0.13389616 0.08945345
2.15000000  0.13462327 0.08988568
2.16000000  0.13579207 0.08999489
2.17000000  0.13659651 0.09055138
2.18000000  0.13753459 0.09075877
2.19000000  0.13846506 0.09133955
2.20000000  0.13903151 0.09155316
2.21000000  0.14021878 0.09201403
2.22000000  0.14102540 0.09232126
2.23000000  0.14194482 0.09273460
2.24000000  0.14285858 0.09307261
2.25000000  0.14399540 0.09365888
2.26000000  0.14486482 0.09412905
2.27000000  0.14560429 0.09460590
2.28000000  0.14663186 0.09491906
2.29000000  0.14771188 0.09532787
2.30000000  0.14872463 0.09561191
2.31000000  0.14962824 0.09601739
2.32000000  0.15065683 0.09666167
2.33000000  0.15141373 0.09713136
2.34000000  0.15266728 0.09739835
2.35000000  0.15328719 0.09785295
2.36000000  0.15435776 0.09851874
2.37000000  0.15552757 0.09895913
2.38000000  0.15626871 0.09931607
2.39000000  0.15743545 0.09984044
2.40000000  0.15834428 0.10020994
2.41000000  0.15944803 0.10073614
2.42000000  0.16050060 0.10122550
2.43000000  0.16159722 0.10186738
2.44000000  0.16260944 0.10244269
2.45000000  0.16342530 0.10274590
2.46000000  0.16453317 0.10326877
2.47000000  0.16552724 0.10395553
2.48000000  0.16664725 0.10427219
2.49000000  0.16744772 0.10472547
2.50000000  0.16890544 0.10541201
2.51000000  0.16972615 0.10606417
2.52000000  0.17081376 0.10650111
2.53000000  0.17195203 0.10704741
2.54000000  0.17280884 0.10759114
2.55000000  0.17403538 0.10813300
2.56000000  0.17537318 0.10879426
2.57000000  0.17583496 0.10932930
2.58000000  0.17746180 0.10993164
2.59000000  0.17844777 0.11062014
2.60000000  0.18005654 0.11094158
2.61000000  0.18057990 0.11191085
2.62000000  0.18175998 0.11231085
2.63000000  0.18295225 0.11305389
2.64000000  0.18400707 0.11358831
2.65000000  0.18542861 0.11419252
2.66000000  0.18666614 0.11483939
2.67000000  0.18742062 0.11556324
2.68000000  0.18867570 0.11632446
2.69000000  0.18978278 0.11705685
2.70000000  0.19131694 0.11745891
2.71000000  0.19236224 0.11816261
2.72000000  0.19352078 0.11904446
2.73000000  0.19460398 0.11950602
2.74000000  0.19598868 0.12036378
2.75000000  0.19687572 0.12105751
2.76000000  0.19834398 0.12168149
2.77000000  0.19935080 0.12235816
2.78000000  0.20045328 0.12340881
2.79000000  0.20177139 0.12375985
2.80000000  0.20291025 0.12473428
2.81000000  0.20425185 0.12554251
2.82000000  0.20545898 0.12617384
2.83000000  0.20620673 0.12693745
2.84000000  0.20797659 0.12757603
2.85000000  0.20955846 0.12856830
2.86000000  0.21049197 0.12956203
2.87000000  0.21220327 0.12982646
2.88000000  0.21373206 0.13089344
2.89000000  0.21471840 0.13160880
2.90000000  0.21571454 0.13242563
2.91000000  0.21740531 0.13332518
2.92000000  0.21872560 0.13443572
2.93000000  0.21972731 0.13544814
2.94000000  0.22129482 0.13616896
2.95000000  0.22238203 0.13691254
2.96000000  0.22416240 0.13796148
2.97000000  0.22550027 0.13868551
2.98000000  0.22672314 0.13961301
2.99000000  0.22834216 0.14056953
3.00000000  0.22951440 0.14148857
3.01000000  0.23115648 0.14219340
3.02000000  0.23261785 0.14325361
3.03000000  0.23406483 0.14458725
3.04000000  0.23544191 0.14535963
3.05000000  0.23688248 0.14597576
3.06000000  0.23826300 0.14713571
3.07000000  0.24011561 0.14824364
3.08000000  0.24126888 0.14940787
3.09000000  0.24268717 0.15043151
3.10000000  0.24425768 0.15149937
3.11000000  0.24576479 0.15226108
3.12000000  0.24745872 0.15324051
3.13000000  0.24865522 0.15454540
3.14000000  0.25029295 0.15522774
3.15000000  0.25200033 0.15623876
3.16000000  0.25320401 0.15773597
3.17000000  0.25485534 0.15889328
3.18000000  0.25621200 0.15990819
3.19000000  0.25837105 0.16104041
3.20000000  0.26034800 0.16227169
3.21000000  0.26183335 0.16336906
3.22000000  0.26288624 0.16475792
3.23000000  0.26462664 0.16536970
3.24000000  0.26649865 0.16716909
3.25000000  0.26848254 0.16802898
3.26000000  0.27021335 0.16952112
3.27000000  0.27175480 0.16998710
3.28000000  0.27397004 0.17169052
3.29000000  0.27437152 0.17327448
3.30000000  0.27713779 0.17395195
3.31000000  0.27882569 0.17524154
3.32000000  0.28011682 0.17662218
3.33000000  0.28195999 0.17754815
3.34000000  0.28376858 0.17913655
3.35000000  0.28535118 0.18067675
3.36000000  0.28751714 0.18176942
3.37000000  0.28912142 0.18345494
3.38000000  0.29117882 0.18483480
3.39000000  0.29329371 0.18605622
3.40000000  0.29501536 0.18758798
3.41000000  0.29672192 0.18891382
3.42000000  0.29861158 0.19065207
3.43000000  0.30053824 0.19165841
3.44000000  0.30233641 0.19291106
3.45000000  0.30442430 0.19446429
3.46000000  0.30654441 0.19582295
3.47000000  0.30822372 0.19757846
3.48000000  0.31061808 0.19907979
3.49000000  0.31243007 0.20060719
3.50000000  0.31428820 0.20209407
3.51000000  0.31614873 0.20331492
3.52000000  0.31792708 0.20493315
3.53000000  0.32083966 0.20639048
3.54000000  0.32213869 0.20820992
3.55000000  0.32494306 0.20995563
3.56000000  0.32665733 0.21128766
3.57000000  0.32898011 0.21289986
3.58000000  0.33095271 0.21467119
3.59000000  0.33296509 0.21606480
3.60000000  0.33452000 0.21788099
3.61000000  0.33733009 0.22005744
3.62000000  0.34057978 0.22120029
3.63000000  0.34142093 0.22301378
3.64000000  0.34419677 0.22486094
3.65000000  0.34659326 0.22639985
3.66000000  0.34875260 0.22818753
3.67000000  0.35126172 0.23015504
3.68000000  0.35385242 0.23170444
3.69000000  0.35550083 0.23385517
3.70000000  0.35724542 0.23499592
3.71000000  0.36019706 0.23730893
3.72000000  0.36252980 0.23896972
3.73000000  0.36475307 0.24059221
3.74000000  0.36807345 0.24257552
3.75000000  0.37039081 0.24487702
3.76000000  0.37316100 0.24640380
3.77000000  0.37414184 0.24785048
3.78000000  0.37797887 0.25033000
3.79000000  0.37971595 0.25190789
3.80000000  0.38298305 0.25409667
3.81000000  0.38466836 0.25568618
3.82000000  0.38719230 0.25726865
3.83000000  0.39000111 0.26009852
3.84000000  0.39236964 0.26174020
3.85000000  0.39505995 0.26409261
3.86000000  0.39894509 0.26529804
3.87000000  0.40026795 0.26801758
3.88000000  0.40417300 0.26932812
3.89000000  0.40533530 0.27177680
3.90000000  0.40856207 0.27392142
3.91000000  0.41169825 0.27549235
3.92000000  0.41443853 0.27729438
3.93000000  0.41785406 0.28016734
3.94000000  0.41991157 0.28176200
3.95000000  0.42310300 0.28427101
3.96000000  0.42501944 0.28616832
3.97000000  0.42863493 0.28833145
3.98000000  0.43151910 0.29029846
3.99000000  0.43345945 0.29236110
4.00000000  0.43732914 0.29461046
4.01000000  0.43993106 0.29731701
4.02000000  0.44317383 0.29873212
4.03000000  0.44638928 0.30106556
4.04000000  0.44967848 0.30300355
4.05000000  0.45249807 0.30556636
4.06000000  0.45496024 0.30778143
4.07000000  0.45829819 0.30970500
4.08000000  0.46135019 0.31201412
4.09000000  0.46406527 0.31418990
4.10000000  0.46757541 0.31532780
4.11000000  0.47008304 0.31770173
4.12000000  0.47377611 0.32063871
4.13000000  0.47674469 0.32259074
4.14000000  0.48079998 0.32480771
4.15000000  0.48404652 0.32741419
4.16000000  0.48786124 0.32935128
4.17000000  0.49071354 0.33116829
4.18000000  0.49317968 0.33295598
4.19000000  0.49716799 0.33610164
4.20000000  0.50108489 0.33722298
4.21000000  0.50360047 0.33958061
4.22000000  0.50704381 0.34210324
4.23000000  0.51028412 0.34404719
4.24000000  0.51427366 0.34555221
4.25000000  0.51757888 0.34825971
4.26000000  0.52190403 0.35048136
4.27000000  0.52468608 0.35254336
4.28000000  0.52839446 0.35412086
4.29000000  0.53148707 0.35627719
4.30000000  0.53534559 0.35889480
4.31000000  0.53955688 0.35962300
4.32000000  0.54300065 0.36204780
4.33000000  0.54592925 0.36484307
4.34000000  0.55007093 0.36579694
4.35000000  0.55242630 0.36826574
4.36000000  0.55739080 0.36996031
4.37000000  0.55996768 0.37208767
4.38000000  0.56433609 0.37404680
4.39000000  0.56881653 0.37521714
4.40000000  0.57146644 0.37624006
4.41000000  0.57537148 0.37895570
4.42000000  0.57914145 0.38002165
4.43000000  0.58356457 0.38173765
4.44000000  0.58741848 0.38351267
4.45000000  0.59103934 0.38517387
4.46000000  0.59455449 0.38695487
4.47000000  0.59982593 0.38784547
4.48000000  0.60237457 0.38942511
4.49000000  0.60648470 0.39089177
4.50000000  0.61098964 0.39297143
4.51000000  0.61404490 0.39352430
4.52000000  0.61881058 0.39495725
4.53000000  0.62241641 0.39638093
4.54000000  0.62731042 0.39724766
4.55000000  0.62983972 0.39798261
4.56000000  0.63331751 0.39913256
4.57000000  0.63813986 0.39984954
4.58000000  0.64167308 0.40072346
4.59000000  0.64606517 0.40101369
4.60000000  0.65044181 0.40202965
4.61000000  0.65430527 0.40293905
4.62000000  0.65825118 0.40353618
4.63000000  0.66204752 0.40315132
4.64000000  0.66620512 0.40394072
4.65000000  0.67092393 0.40489088
4.66000000  0.67363248 0.40467313
4.67000000  0.67729637 0.40463726
4.68000000  0.68243833 0.40510493
4.69000000  0.68750817 0.40498749
4.70000000  0.69209946 0.40569052
4.71000000  0.69479597 0.40565217
4.72000000  0.69906918 0.40493377
4.73000000  0.70371554 0.40385551
4.74000000  0.70665552 0.40441757
4.75000000  0.71083048 0.40338134
4.76000000  0.71525773 0.40169485
4.77000000  0.71929674 0.40200943
4.78000000  0.72225480 0.40091303
4.79000000  0.72594986 0.40034776
4.80000000  0.73119226 0.39901260
4.81000000  0.73560501 0.39717938
4.82000000  0.73885476 0.39522544
4.83000000  0.74220746 0.39423880
4.84000000  0.74633618 0.39279260
4.85000000  0.75049096 0.39142772
4.86000000  0.75537819 0.38966381
4.87000000  0.75891944 0.38721129
4.88000000  0.76001462 0.38397032
4.89000000  0.76644678 0.38262063
4.90000000  0.76975865 0.38078279
4.91000000  0.77382971 0.37801347
4.92000000  0.77738376 0.37515321
4.93000000  0.78245177 0.37228691
4.94000000  0.78392088 0.36866253
4.95000000  0.78906623 0.36617972
4.96000000  0.79195347 0.36248178
4.97000000  0.79582803 0.35983579
4.98000000  0.80035657 0.35683114
4.99000000  0.80286219 0.35315815
