0.00000000  0.07993026 0.07997885
0.01000000  0.08088564 0.08012218
0.02000000  0.08157026 0.08026913
0.03000000  0.08244419 0.08029860
0.04000000  0.08323097 0.08057605
0.05000000  0.08407284 0.08061858
0.06000000  0.08486451 0.08074179
0.07000000  0.08564888 0.08078206
0.08000000  0.08644092 0.08109893
0.09000000  0.08715950 0.08112092
0.10000000  0.08810457 0.08130696
0.11000000  0.08903128 0.08160552
0.12000000  0.08956740 0.08159374
0.13000000  0.09062320 0.08169484
0.14000000  0.09125244 0.08211711
0.15000000  0.09200498 0.08220472
0.16000000  0.09278784 0.08226114
0.17000000  0.09387359 0.08264772
0.18000000  0.09462852 0.08264205
0.19000000  0.09552187 0.08276811
0.20000000  0.09627085 0.08293467
0.21000000  0.09714059 0.08311531
0.22000000  0.09793043 0.08328183
0.23000000  0.09871162 0.08346417
0.24000000  0.09958339 0.08368492
0.25000000  0.10039131 0.08384525
0.26000000  0.10145663 0.08388293
0.27000000  0.10227088 0.08422641
0.28000000  0.10304574 0.08435717
0.29000000  0.10377494 0.08465240
0.30000000  0.10470984 0.08469624
0.31000000  0.10560395 0.08502396
0.32000000  0.10644991 0.08528171
0.33000000  0.10720655 0.08537713
0.34000000  0.10804915 0.08562696
0.35000000  0.10892984 0.08580175
0.36000000  0.10960351 0.08593359
0.37000000  0.11082409 0.08627553
0.38000000  0.11149889 0.08649902
0.39000000  0.11240880 0.08671402
0.40000000  0.11318292 0.08697950
0.41000000  0.11417341 0.08719486
0.42000000  0.11489895 0.08736643
0.43000000  0.11603580 0.08764499
0.44000000  0.11672801 0.08796038
0.45000000  0.11769228 0.08821303
0.46000000  0.11843849 0.08836789
0.47000000  0.11928491 0.08868756
0.48000000  0.12030319 0.08908546
0.49000000  0.12122922 0.08918240
0.50000000  0.12189403 0.08938686
0.51000000  0.12315337 0.08963456
0.52000000  0.12388893 0.09008523
0.53000000  0.12466317 0.09019093
0.54000000  0.12557936 0.09057855
0.55000000  0.12650660 0.09091941
0.56000000  0.12744766 0.09093394
0.57000000  0.12847798 0.09119720
0.58000000  0.12935464 0.09173163
0.59000000  0.13037802 0.09220252
0.60000000  0.13119715 0.09230564
0.61000000  0.13199614 0.09258030
0.62000000  0.13309898 0.09297045
0.63000000  0.13402355 0.09340103
0.64000000  0.13499644 0.09366544
0.65000000  0.13576867 0.09400465
0.66000000  0.13656343 0.09431469
0.67000000  0.13769278 0.09463518
0.68000000  0.13862461 0.09505526
0.69000000  0.13956805 0.09547200
0.70000000  0.14034617 0.09571563
0.71000000  0.14161710 0.09605143
0.72000000  0.14240648 0.09650842
0.73000000  0.14324631 0.09663899
0.74000000  0.14444176 0.09722856
0.75000000  0.14529165 0.09749077
0.76000000  0.14634631 0.09780275
0.77000000  0.14734487 0.09837031
0.78000000  0.14810659 0.09865647
0.79000000  0.14936114 0.09913246
0.80000000  0.15041479 0.09950349
0.81000000  0.15115216 0.10002144
0.82000000  0.15247263 0.10051443
0.83000000  0.15350929 0.10100598
0.84000000  0.15441597 0.10148367
0.85000000  0.15541062 0.10163580
0.86000000  0.15645209 0.10222390
0.87000000  0.15736380 0.10271084
0.88000000  0.15862943 0.10283972
0.89000000  0.15958576 0.10337101
0.90000000  0.16021167 0.10389007
0.91000000  0.16156038 0.10437226
0.92000000  0.16271784 0.10490802
0.93000000  0.16366484 0.10556731
0.94000000  0.16448366 0.10602578
0.95000000  0.16560420 0.10652099
0.96000000  0.16676567 0.10691068
0.97000000  0.16786856 0.10731786
0.98000000  0.16905657 0.10800398
0.99000000  0.17013035 0.10855887
1.00000000  0.17111546 0.10891987
1.01000000  0.17222596 0.10949342
1.02000000  0.17341644 0.11015257
1.03000000  0.17448162 0.11082634
1.04000000  0.17559990 0.11106388
1.05000000  0.17682287 0.11178814
1.06000000  0.17780779 0.11221946
1.07000000  0.17896922 0.11297485
1.08000000  0.17959920 0.11343025
1.09000000  0.18123837 0.11403938
1.10000000  0.18238507 0.11455844
1.11000000  0.18353304 0.11518716
1.12000000  0.18461871 0.11571271
1.13000000  0.18569202 0.11651156
1.14000000  0.18685718 0.11707435
1.15000000  0.18810689 0.11773091
1.16000000  0.18943870 0.11831697
1.17000000  0.19045832 0.11910194
1.18000000  0.19196123 0.11970032
1.19000000  0.19276027 0.12050815
1.20000000  0.19394702 0.12117365
1.21000000  0.19545119 0.12176084
1.22000000  0.19629661 0.12234748
1.23000000  0.19756456 0.12314720
1.24000000  0.19870668 0.12372170
1.25000000  0.20011941 0.12460873
1.26000000  0.20127019 0.12512762
1.27000000  0.20264767 0.12604113
1.28000000  0.20362784 0.12673953
1.29000000  0.20504209 0.12737792
1.30000000  0.20643026 0.12840818
1.31000000  0.20785660 0.12936672
1.32000000  0.20901513 0.12970184
1.33000000  0.21039721 0.13044680
1.34000000  0.21182241 0.13124463
1.35000000  0.21307156 0.13202746
1.36000000  0.21398366 0.13296936
1.37000000  0.21534981 0.13385940
1.38000000  0.21703710 0.13449085
1.39000000  0.21818715 0.13537652
1.40000000  0.21999939 0.13631679
1.41000000  0.22107056 0.13705970
1.42000000  0.22216729 0.13802312
1.43000000  0.22383172 0.13879222
1.44000000  0.22538160 0.13966741
1.45000000  0.22690456 0.14095275
1.46000000  0.22785858 0.14141640
1.47000000  0.22967434 0.14241398
1.48000000  0.23115535 0.14337463
1.49000000  0.23232001 0.14443805
1.50000000  0.23384167 0.14500920
1.51000000  0.23457830 0.14619649
1.52000000  0.23716398 0.14701163
1.53000000  0.23921197 0.14797437
1.54000000  0.23954660 0.14908597
1.55000000  0.24127709 0.15010208
1.56000000  0.24269025 0.15148515
1.57000000  0.24393651 0.15232727
1.58000000  0.24596602 0.15300995
1.59000000  0.24702387 0.15448309
1.60000000  0.24904753 0.15508773
1.61000000  0.25078835 0.15631823
1.62000000  0.25171229 0.15753437
1.63000000  0.25345566 0.15862243
1.64000000  0.25546831 0.15986664
1.65000000  0.25656770 0.16068281
1.66000000  0.25847580 0.16162593
1.67000000  0.25990522 0.16297060
1.68000000  0.26133167 0.16428887
1.69000000  0.26323046 0.16487417
1.70000000  0.26493082 0.16625089
1.71000000  0.26648542 0.16762140
1.72000000  0.26833875 0.16846002
1.73000000  0.27001630 0.16982157
1.74000000  0.27152451 0.17143578
1.75000000  0.27326542 0.17240227
1.76000000  0.27523964 0.17341813
1.77000000  0.27687138 0.17492290
1.78000000  0.27816155 0.17596889
1.79000000  0.28032012 0.17759702
1.80000000  0.28173825 0.17881677
1.81000000  0.28428563 0.18007130
1.82000000  0.28603718 0.18113048
1.83000000  0.28762407 0.18269683
1.84000000  0.28950909 0.18403938
1.85000000  0.29096695 0.18532326
1.86000000  0.29382065 0.18695872
1.87000000  0.29508044 0.18827931
1.88000000  0.29740805 0.18941330
1.89000000  0.29864191 0.19082017
1.90000000  0.30025555 0.19218169
1.91000000  0.30269362 0.19357363
1.92000000  0.30440666 0.19548146
1.93000000  0.30599196 0.19681405
1.94000000  0.30868589 0.19817939
1.95000000  0.31032747 0.19976001
1.96000000  0.31266295 0.20101365
1.97000000  0.31444205 0.20254938
1.98000000  0.31649043 0.20421891
1.99000000  0.31838242 0.20560118
2.00000000  0.32061329 0.20730011
2.01000000  0.32312113 0.20858432
2.02000000  0.32569947 0.21021293
2.03000000  0.32679573 0.21198252
2.04000000  0.32841838 0.21389554
2.05000000  0.33042251 0.21485973
2.06000000  0.33352917 0.21656517
2.07000000  0.33539106 0.21863631
2.08000000  0.33796266 0.22047832
2.09000000  0.34014467 0.22222641
2.10000000  0.34294395 0.22370511
2.11000000  0.34403447 0.22532615
2.12000000  0.34717787 0.22712379
2.13000000  0.34887541 0.22891818
2.14000000  0.35132753 0.23039977
2.15000000  0.35343209 0.23210317
2.16000000  0.35575958 0.23410695
2.17000000  0.35767828 0.23577956
2.18000000  0.36053271 0.23760961
2.19000000  0.36295776 0.23946697
2.20000000  0.36530753 0.24143429
2.21000000  0.36814201 0.24318123
2.22000000  0.37031893 0.24542822
2.23000000  0.37262339 0.24694065
2.24000000  0.37471435 0.24849536
2.25000000  0.37816282 0.25095193
2.26000000  0.38039876 0.25300300
2.27000000  0.38311886 0.25444444
2.28000000  0.38513896 0.25646057
2.29000000  0.38764712 0.25848436
2.30000000  0.39038004 0.26019005
2.31000000  0.39225341 0.26260142
2.32000000  0.39611000 0.26448904
2.33000000  0.39860108 0.26642383
2.34000000  0.40098421 0.26829873
2.35000000  0.40375866 0.27057925
2.36000000  0.40641091 0.27236839
2.37000000  0.40890507 0.27417184
2.38000000  0.41126488 0.27638268
2.39000000  0.41453316 0.27807305
2.40000000  0.41728427 0.28064075
2.41000000  0.42050990 0.28234151
2.42000000  0.42309689 0.28465801
2.43000000  0.42603758 0.28683977
2.44000000  0.42871345 0.28842683
2.45000000  0.43193346 0.29123205
2.46000000  0.43517612 0.29316648
2.47000000  0.43765702 0.29589253
2.48000000  0.44016326 0.29699284
2.49000000  0.44381583 0.29907900
2.50000000  0.44669973 0.30172290
2.51000000  0.45060944 0.30399296
2.52000000  0.45338942 0.30573702
2.53000000  0.45588416 0.30806371
2.54000000  0.45852970 0.30991131
2.55000000  0.46258039 0.31205340
2.56000000  0.46507873 0.31456741
2.57000000  0.46837981 0.31675544
2.58000000  0.47217195 0.31880218
2.59000000  0.47402224 0.32060710
2.60000000  0.47836060 0.32328387
2.61000000  0.48063030 0.32541568
2.62000000  0.48425272 0.32783560
2.63000000  0.48695801 0.32916004
2.64000000  0.49045569 0.33159643
2.65000000  0.49523662 0.33377114
2.66000000  0.49735380 0.33646747
2.67000000  0.50140872 0.33877803
2.68000000  0.50319454 0.34017231
2.69000000  0.50792317 0.34226778
2.70000000  0.51068755 0.34403183
2.71000000  0.51513739 0.34626982
2.72000000  0.51967237 0.34783023
2.73000000  0.52121206 0.35109107
2.74000000  0.52456352 0.35257071
2.75000000  0.52874018 0.35515639
2.76000000  0.53229155 0.35727676
2.77000000  0.53599727 0.35843953
2.78000000  0.53883001 0.36063647
2.79000000  0.54338492 0.36236901
2.80000000  0.54722425 0.36465480
2.81000000  0.55069422 0.36635702
2.82000000  0.55321668 0.36832106
2.83000000  0.55801190 0.37012942
2.84000000  0.56106947 0.37242813
2.85000000  0.56577141 0.37390737
2.86000000  0.56820291 0.37526658
2.87000000  0.57257817 0.37722802
2.88000000  0.57649770 0.37930031
2.89000000  0.58073490 0.38113506
2.90000000  0.58417064 0.38261355
2.91000000  0.58674112 0.38416486
2.92000000  0.59162331 0.38556285
2.93000000  0.59459692 0.38691164
2.94000000  0.59909837 0.38882263
2.95000000  0.60404213 0.39015927
2.96000000  0.60694885 0.39175227
2.97000000  0.61130403 0.39230672
2.98000000  0.61517141 0.39356801
2.99000000  0.61947350 0.39468825
3.00000000  0.62211016 0.39602124
3.01000000  0.62754389 0.39698474
3.02000000  0.63033689 0.39882688
3.03000000  0.63479927 0.39979153
3.04000000  0.64048774 0.40073884
3.05000000  0.64241800 0.40193364
3.06000000  0.64723340 0.40188834
3.07000000  0.65225061 0.40195678
3.08000000  0.65438835 0.40352845
3.09000000  0.65924743 0.40457075
3.10000000  0.66320427 0.40394448
3.11000000  0.66844892 0.40498546
3.12000000  0.67157184 0.40451859
3.13000000  0.67607233 0.40549457
3.14000000  0.68004080 0.40506269
3.15000000  0.68277553 0.40548851
3.16000000  0.68661264 0.40518517
3.17000000  0.69138354 0.40510767
3.18000000  0.69531206 0.40485278
3.19000000  0.69989988 0.40430056
3.20000000  0.70322310 0.40449484
3.21000000  0.70776021 0.40413014
3.22000000  0.71131949 0.40351237
3.23000000  0.71537206 0.40249142
3.24000000  0.72088968 0.40133967
3.25000000  0.72337200 0.40116138
3.26000000  0.72802737 0.39928485
3.27000000  0.73178827 0.39861241
3.28000000  0.73521662 0.39649636
3.29000000  0.73968056 0.39488948
3.30000000  0.74307066 0.39332733
3.31000000  0.74671179 0.39228504
3.32000000  0.75111292 0.39115627
3.33000000  0.75456654 0.38857871
3.34000000  0.75809385 0.38650729
3.35000000  0.76301265 0.38389317
3.36000000  0.76703161 0.38233548
3.37000000  0.77068908 0.37962390
3.38000000  0.77524867 0.37717638
3.39000000  0.77793191 0.37463020
3.40000000  0.78421740 0.37145035
3.41000000  0.78640328 0.36882541
3.42000000  0.78883884 0.36635330
3.43000000  0.79305031 0.36279078
3.44000000  0.79643043 0.35943457
3.45000000  0.80075373 0.35509524
3.46000000  0.80422207 0.35193426
3.47000000  0.80773726 0.34863865
3.48000000  0.81232508 0.34469549
3.49000000  0.81390194 0.34098703
3.50000000  0.81763054 0.33577752
3.51000000  0.82139473 0.33221937
3.52000000  0.82406370 0.32808451
3.53000000  0.82889625 0.32312449
3.54000000  0.83127117 0.31869253
3.55000000  0.83447444 0.31428104
3.56000000  0.83804517 0.30884914
3.57000000  0.83900651 0.30374367
3.58000000  0.84261702 0.29863170
3.59000000  0.84629485 0.29401914
3.60000000  0.84957092 0.28797329
3.61000000  0.85228510 0.28237072
3.62000000  0.85415651 0.27664954
3.63000000  0.85780874 0.27091055
3.64000000  0.85978038 0.26529030
3.65000000  0.86285141 0.25885137
3.66000000  0.86447162 0.25253560
3.67000000  0.86807781 0.24689737
3.68000000  0.87083962 0.24063106
3.69000000  0.87413602 0.23414440
3.70000000  0.87536610 0.22749915
3.71000000  0.87622717 0.22121615
3.72000000  0.87918553 0.21449883
3.73000000  0.88036856 0.20779390
3.74000000  0.88403010 0.20101580
3.75000000  0.88566004 0.19435611
3.76000000  0.88700626 0.18723161
3.77000000  0.88855412 0.18013534
3.78000000  0.89186228 0.17319467
3.79000000  0.89088118 0.16582277
3.80000000  0.89452353 0.15884510
3.81000000  0.89776419 0.15152803
3.82000000  0.89779364 0.14453573
3.83000000  0.89780366 0.13720222
3.84000000  0.89940708 0.13005458
3.85000000  0.90100637 0.12262001
3.86000000  0.90399403 0.11506633
3.87000000  0.90258209 0.10768746
3.88000000  0.90470241 0.10045156
3.89000000  0.90478417 0.09317602
3.90000000  0.90540163 0.08583074
3.91000000  0.90671634 0.07845706
3.92000000  0.90805386 0.07110732
3.93000000  0.91025205 0.06364963
3.94000000  0.90877633 0.05648793
3.95000000  0.91166605 0.04917930
3.96000000  0.91066521 0.04188242
3.97000000  0.91008417 0.03469385
3.98000000  0.91027247 0.02754819
3.99000000  0.91145483 0.02043126
4.00000000  0.91322476 0.01334663
4.01000000  0.91117764 0.00637817
4.02000000  0.91244772 -0.00054440
4.03000000  0.91117752 -0.00740800
4.04000000  0.91117397 -0.01418332
4.05000000  0.91188961 -0.02083121
4.06000000  0.91055276 -0.02750488
4.07000000  0.91076954 -0.03413146
4.08000000  0.91026599 -0.04055032
4.09000000  0.91010954 -0.04682422
4.10000000  0.91014096 -0.05303843
4.11000000  0.90797127 -0.05919838
4.12000000  0.90845352 -0.06522995
4.13000000  0.90617775 -0.07126186
4.14000000  0.90764750 -0.07688056
4.15000000  0.90625323 -0.08259647
4.16000000  0.90485074 -0.08822357
4.17000000  0.90391290 -0.09365563
4.18000000  0.90453080 -0.09908075
4.19000000  0.90359447 -0.10431407
4.20000000  0.90052740 -0.10931317
4.21000000  0.89989991 -0.11422696
4.22000000  0.89916433 -0.11920145
4.23000000  0.89807135 -0.12385765
4.24000000  0.89521764 -0.12837482
4.25000000  0.89461010 -0.13259360
4.26000000  0.89417102 -0.13698571
4.27000000  0.89144345 -0.14108371
4.28000000  0.89036020 -0.14493891
4.29000000  0.88897291 -0.14892159
4.30000000  0.88598390 -0.15235598
4.31000000  0.88703538 -0.15578694
4.32000000  0.88604937 -0.15946950
4.33000000  0.88297682 -0.16272633
4.34000000  0.88135026 -0.16565885
4.35000000  0.88004382 -0.16902810
4.36000000  0.87865914 -0.17143581
4.37000000  0.87480246 -0.17434099
4.38000000  0.87409385 -0.17719415
4.39000000  0.87308785 -0.17944338
4.40000000  0.86981040 -0.18160378
4.41000000  0.86925909 -0.18367847
4.42000000  0.86633412 -0.18545141
4.43000000  0.86521998 -0.18721447
4.44000000  0.86179223 -0.18908436
4.45000000  0.86057431 -0.19048206
4.46000000  0.85860722 -0.19190431
4.47000000  0.85810030 -0.19313739
4.48000000  0.85676439 -0.19411201
4.49000000  0.85406661 -0.19546583
4.50000000  0.85248863 -0.19632672
4.51000000  0.85096536 -0.19680186
4.52000000  0.84707810 -0.19753983
4.53000000  0.84625722 -0.19811886
4.54000000  0.84577410 -0.19864424
4.55000000  0.84154237 -0.19911053
4.56000000  0.84013606 -0.19919802
4.57000000  0.83711370 -0.19912357
4.58000000  0.83652251 -0.19939153
4.59000000  0.83510562 -0.19905896
4.60000000  0.83206587 -0.19853779
4.61000000  0.82847676 -0.19806554
4.62000000  0.82753462 -0.19748728
4.63000000  0.82441212 -0.19646251
4.64000000  0.82488694 -0.19627917
4.65000000  0.82366814 -0.19547973
4.66000000  0.82251500 -0.19437659
4.67000000  0.81873110 -0.19319522
4.68000000  0.81573345 -0.19240932
4.69000000  0.81466951 -0.19129420
4.70000000  0.81302613 -0.18970547
4.71000000  0.81230911 -0.18821638
4.72000000  0.81055491 -0.18699941
4.73000000  0.80693934 -0.18542841
4.74000000  0.80432688 -0.18377251
4.75000000  0.80416530 -0.18235147
4.76000000  0.80149464 -0.18076925
4.77000000  0.79870914 -0.17886049
4.78000000  0.79854721 -0.17673228
4.79000000  0.79637042 -0.17474451
4.80000000  0.79488106 -0.17300849
4.81000000  0.79308652 -0.17067250
4.82000000  0.79085675 -0.16871870
4.83000000  0.78882290 -0.16678467
4.84000000  0.78857217 -0.16433484
4.85000000  0.78676766 -0.16200798
4.86000000  0.78572107 -0.15990058
4.87000000  0.78284718 -0.15771340
4.88000000  0.78171947 -0.15504673
4.89000000  0.77934378 -0.15266137
4.90000000  0.77797661 -0.15003722
4.91000000  0.77655429 -0.14754371
4.92000000  0.77619986 -0.14495614
4.93000000  0.77239234 -0.14226170
4.94000000  0.77427272 -0.13971338
4.95000000  0.77113689 -0.13714136
4.96000000  0.76883779 -0.13443697
4.97000000  0.76767986 -0.13167812
4.98000000  0.76757321 -0.12891743
4.99000000  0.76596181 -0.12596139
