0.00000000  0.12005879 0.11995509
0.01000000  0.12105496 0.11844255
0.02000000  0.12242405 0.11682692
0.03000000  0.12369401 0.11552824
0.04000000  0.12469508 0.11389782
0.05000000  0.12577299 0.11235981
0.06000000  0.12679052 0.11097441
0.07000000  0.12796319 0.10958130
0.08000000  0.12915500 0.10825332
0.09000000  0.13012689 0.10666078
0.10000000  0.13155214 0.10572397
0.11000000  0.13204273 0.10432529
0.12000000  0.13335094 0.10291802
0.13000000  0.13442818 0.10160698
0.14000000  0.13535356 0.10061008
0.15000000  0.13636407 0.09944365
0.16000000  0.13734107 0.09798777
0.17000000  0.13836565 0.09694751
0.18000000  0.13911720 0.09573064
0.19000000  0.14047089 0.09466355
0.20000000  0.14122737 0.09369391
0.21000000  0.14194559 0.09246031
0.22000000  0.14302778 0.09132178
0.23000000  0.14387653 0.09045969
0.24000000  0.14523665 0.08933369
0.25000000  0.14552685 0.08839110
0.26000000  0.14661802 0.08718677
0.27000000  0.14759115 0.08652676
0.28000000  0.14848362 0.08562586
0.29000000  0.14900502 0.08465749
0.30000000  0.14991360 0.08369311
0.31000000  0.15107743 0.08295960
0.32000000  0.15181406 0.08198093
0.33000000  0.15250920 0.08115456
0.34000000  0.15339332 0.08039922
0.35000000  0.15409700 0.07936909
0.36000000  0.15495550 0.07862972
0.37000000  0.15553161 0.07782953
0.38000000  0.15653396 0.07704638
0.39000000  0.15722476 0.07630396
0.40000000  0.15794527 0.07563891
0.41000000  0.15882951 0.07483532
0.42000000  0.15946722 0.07425694
0.43000000  0.16015730 0.07342669
0.44000000  0.16109621 0.07278706
0.45000000  0.16165930 0.07208900
0.46000000  0.16235773 0.07146706
0.47000000  0.16330221 0.07079519
0.48000000  0.16402024 0.07003504
0.49000000  0.16432362 0.06965278
0.50000000  0.16523060 0.06880367
0.51000000  0.16580443 0.06827652
0.52000000  0.16713126 0.06772948
0.53000000  0.16685893 0.06708938
0.54000000  0.16824642 0.06655579
0.55000000  0.16859860 0.06591430
0.56000000  0.16921678 0.06540338
0.57000000  0.16986015 0.06490945
0.58000000  0.17046315 0.06433813
0.59000000  0.17110821 0.06387847
0.60000000  0.17175605 0.06338215
0.61000000  0.17255381 0.06290649
0.62000000  0.17312368 0.06248163
0.63000000  0.17370818 0.06190941
0.64000000  0.17433024 0.06140506
0.65000000  0.17456231 0.06093913
0.66000000  0.17522848 0.06060530
0.67000000  0.17612080 0.06011522
0.68000000  0.17670979 0.05970538
0.69000000  0.17716907 0.05926839
0.70000000  0.17787955 0.05884684
0.71000000  0.17838048 0.05837082
0.72000000  0.17929383 0.05796211
0.73000000  0.17957871 0.05752131
0.74000000  0.18013713 0.05718923
0.75000000  0.18055353 0.05679468
0.76000000  0.18100442 0.05647206
0.77000000  0.18174351 0.05600257
0.78000000  0.18233261 0.05574646
0.79000000  0.18306448 0.05537125
0.80000000  0.18356041 0.05494607
0.81000000  0.18421348 0.05463202
0.82000000  0.18480260 0.05433649
0.83000000  0.18511084 0.05393619
0.84000000  0.18592850 0.05371581
0.85000000  0.18646662 0.05340285
0.86000000  0.18679605 0.05310593
0.87000000  0.18726147 0.05279559
0.88000000  0.18790699 0.05250802
0.89000000  0.18859146 0.05222337
0.90000000  0.18906751 0.05185878
0.91000000  0.18924955 0.05159953
0.92000000  0.19020450 0.05131776
0.93000000  0.19038346 0.05107756
0.94000000  0.19106883 0.05079648
0.95000000  0.19160350 0.05059190
0.96000000  0.19203968 0.05032593
0.97000000  0.19268237 0.05011475
0.98000000  0.19321197 0.04989528
0.99000000  0.19391312 0.04959830
1.00000000  0.19429257 0.04923586
1.01000000  0.19456001 0.04915544
1.02000000  0.19514866 0.04891169
1.03000000  0.19569436 0.04866937
1.04000000  0.19563096 0.04847902
1.05000000  0.19665759 0.04832525
1.06000000  0.19675874 0.04808580
1.07000000  0.19737857 0.04778136
1.08000000  0.19800743 0.04761171
1.09000000  0.19820762 0.04743713
1.10000000  0.19868180 0.04713791
1.11000000  0.19953433 0.04703809
1.12000000  0.19989170 0.04686132
1.13000000  0.20035797 0.04674559
1.14000000  0.20071710 0.04637642
1.15000000  0.20133638 0.04635400
1.16000000  0.20137069 0.04617564
1.17000000  0.20251134 0.04601416
1.18000000  0.20234866 0.04585111
1.19000000  0.20296164 0.04565901
1.20000000  0.20313853 0.04538135
1.21000000  0.20380019 0.04531894
1.22000000  0.20442230 0.04517423
1.23000000  0.20461844 0.04498876
1.24000000  0.20528266 0.04487142
1.25000000  0.20565083 0.04467511
1.26000000  0.20605791 0.04450620
1.27000000  0.20650024 0.04444316
1.28000000  0.20670792 0.04433376
1.29000000  0.20769542 0.04416377
1.30000000  0.20798054 0.04406196
1.31000000  0.20829736 0.04400207
1.32000000  0.20891004 0.04374050
1.33000000  0.20887147 0.04361524
1.34000000  0.20986379 0.04357581
1.35000000  0.20993010 0.04337666
1.36000000  0.21057231 0.04332780
1.37000000  0.21090080 0.04316800
1.38000000  0.21167080 0.04298128
1.39000000  0.21184437 0.04299379
1.40000000  0.21210216 0.04284803
1.41000000  0.21260563 0.04265988
1.42000000  0.21296333 0.04257551
1.43000000  0.21358578 0.04255991
1.44000000  0.21403228 0.04245645
1.45000000  0.21435548 0.04234297
1.46000000  0.21490483 0.04224562
1.47000000  0.21513979 0.04214320
1.48000000  0.21556603 0.04208709
1.49000000  0.21594595 0.04200116
1.50000000  0.21650346 0.04178915
1.51000000  0.21728704 0.04173744
1.52000000  0.21729104 0.04169409
1.53000000  0.21764634 0.04162692
1.54000000  0.21823135 0.04154389
1.55000000  0.21868265 0.04156239
1.56000000  0.21929502 0.04132131
1.57000000  0.21915399 0.04126188
1.58000000  0.21958099 0.04115894
1.59000000  0.22022643 0.04112233
1.60000000  0.22056489 0.04106633
1.61000000  0.22094846 0.04107046
1.62000000  0.22117327 0.04089861
1.63000000  0.22124563 0.04083785
1.64000000  0.22236793 0.04071774
1.65000000  0.22275943 0.04071997
1.66000000  0.22323594 0.04059343
1.67000000  0.22395492 0.04056043
1.68000000  0.22388633 0.04051548
1.69000000  0.22420260 0.04050024
1.70000000  0.22465987 0.04035651
1.71000000  0.22546828 0.04030956
1.72000000  0.22558978 0.04028535
1.73000000  0.22567170 0.04020936
1.74000000  0.22646569 0.04018695
1.75000000  0.22661042 0.04011075
1.76000000  0.22690477 0.03998968
1.77000000  0.22760514 0.04001500
1.78000000  0.22799273 0.03997115
1.79000000  0.22836292 0.03989578
1.80000000  0.22867925 0.03976051
1.81000000  0.22915778 0.03976978
1.82000000  0.22936855 0.03967597
1.83000000  0.23003709 0.03971039
1.84000000  0.23046922 0.03965631
1.85000000  0.23072565 0.03954342
1.86000000  0.23135614 0.03960613
1.87000000  0.23143395 0.03956815
1.88000000  0.23224610 0.03948762
1.89000000  0.23235331 0.03940583
1.90000000  0.23290590 0.03942873
1.91000000  0.23305434 0.03938850
1.92000000  0.23388480 0.03925835
1.93000000  0.23390866 0.03929720
1.94000000  0.23438353 0.03929886
1.95000000  0.23464622 0.03918776
1.96000000  0.23529964 0.03917745
1.97000000  0.23548016 0.03913631
1.98000000  0.23576162 0.03912390
1.99000000  0.23601692 0.03900754
2.00000000  0.23634396 0.03906918
2.01000000  0.23702853 0.03896082
2.02000000  0.23726181 0.03890296
2.03000000  0.23764937 0.03893566
2.04000000  0.23817349 0.03892481
2.05000000  0.23849229 0.03885298
2.06000000  0.23865497 0.03884850
2.07000000  0.23935637 0.03882173
2.08000000  0.24010458 0.03878631
2.09000000  0.24017168 0.03882246
2.10000000  0.24027252 0.03875107
2.11000000  0.24089802 0.03873784
2.12000000  0.24135065 0.03862901
2.13000000  0.24173600 0.03864464
2.14000000  0.24215710 0.03863280
2.15000000  0.24293080 0.03862140
2.16000000  0.24263840 0.03861627
2.17000000  0.24310913 0.03858235
2.18000000  0.24349255 0.03856508
2.19000000  0.24418049 0.03855395
2.20000000  0.24413118 0.03853738
2.21000000  0.24448303 0.03847885
2.22000000  0.24529413 0.03850943
2.23000000  0.24540126 0.03839990
2.24000000  0.24613159 0.03844838
2.25000000  0.24664017 0.03836751
2.26000000  0.24692559 0.03841752
2.27000000  0.24670586 0.03828921
2.28000000  0.24729048 0.03834366
2.29000000  0.24762085 0.03835993
2.30000000  0.24826158 0.03824032
2.31000000  0.24811248 0.03826900
2.32000000  0.24925459 0.03829563
2.33000000  0.24952938 0.03830712
2.34000000  0.24968212 0.03824657
2.35000000  0.24982727 0.03829350
2.36000000  0.25044064 0.03822222
2.37000000  0.25117194 0.03824494
2.38000000  0.25111275 0.03818290
2.39000000  0.25159620 0.03814506
2.40000000  0.25240961 0.03819259
2.41000000  0.25280413 0.03813289
2.42000000  0.25269804 0.03816939
2.43000000  0.25331131 0.03812305
2.44000000  0.25381736 0.03813924
2.45000000  0.25398987 0.03810033
2.46000000  0.25433216 0.03805776
2.47000000  0.25494194 0.03802835
2.48000000  0.25534744 0.03809275
2.49000000  0.25559006 0.03797685
2.50000000  0.25615919 0.03810264
2.51000000  0.25591770 0.03804795
2.52000000  0.25667002 0.03805233
2.53000000  0.25712840 0.03805550
2.54000000  0.25701865 0.03802611
2.55000000  0.25784496 0.03794332
2.56000000  0.25794789 0.03801617
2.57000000  0.25835692 0.03801590
2.58000000  0.25920293 0.03800892
2.59000000  0.25916105 0.03790136
2.60000000  0.25951544 0.03800224
2.61000000  0.25980848 0.03799473
2.62000000  0.26059795 0.03797132
2.63000000  0.26089447 0.03799981
2.64000000  0.26111958 0.03787904
2.65000000  0.26136946 0.03793335
2.66000000  0.26202066 0.03796938
2.67000000  0.26250781 0.03795763
2.68000000  0.26288063 0.03798421
2.69000000  0.26305194 0.03797482
2.70000000  0.26344411 0.03786129
2.71000000  0.26356155 0.03793240
2.72000000  0.26429719 0.03792238
2.73000000  0.26430606 0.03787764
2.74000000  0.26517073 0.03791958
2.75000000  0.26519979 0.03796901
2.76000000  0.26617843 0.03790905
2.77000000  0.26629745 0.03790532
2.78000000  0.26650276 0.03782402
2.79000000  0.26714938 0.03783825
2.80000000  0.26765610 0.03787242
2.81000000  0.26740045 0.03785096
2.82000000  0.26821633 0.03788926
2.83000000  0.26885039 0.03787859
2.84000000  0.26889930 0.03784871
2.85000000  0.26931987 0.03788112
2.86000000  0.26954907 0.03791431
2.87000000  0.26983468 0.03791143
2.88000000  0.26970547 0.03783120
2.89000000  0.27081487 0.03787943
2.90000000  0.27163055 0.03790014
2.91000000  0.27127647 0.03786000
2.92000000  0.27192576 0.03786845
2.93000000  0.27248589 0.03787160
2.94000000  0.27224379 0.03790108
2.95000000  0.27312415 0.03790778
2.96000000  0.27316064 0.03794730
2.97000000  0.27369766 0.03792504
2.98000000  0.27398870 0.03783048
2.99000000  0.27407585 0.03796701
3.00000000  0.27481337 0.03787964
3.01000000  0.27532874 0.03792600
3.02000000  0.27568167 0.03790273
3.03000000  0.27614412 0.03786899
3.04000000  0.27607575 0.03788412
3.05000000  0.27690799 0.03793753
3.06000000  0.27706621 0.03788946
3.07000000  0.27796606 0.03790996
3.08000000  0.27803028 0.03791774
3.09000000  0.27819579 0.03792919
3.10000000  0.27865601 0.03792090
3.11000000  0.27917288 0.03798034
3.12000000  0.27975272 0.03795460
3.13000000  0.28017409 0.03793364
3.14000000  0.28009974 0.03792682
3.15000000  0.28062606 0.03795003
3.16000000  0.28065602 0.03796105
3.17000000  0.28113976 0.03796888
3.18000000  0.28175686 0.03800732
3.19000000  0.28180048 0.03795306
3.20000000  0.28243777 0.03796407
3.21000000  0.28290109 0.03802137
3.22000000  0.28235159 0.03793201
3.23000000  0.28361823 0.03800627
3.24000000  0.28426670 0.03807870
3.25000000  0.28454482 0.03800400
3.26000000  0.28502036 0.03793017
3.27000000  0.28511336 0.03798036
3.28000000  0.28535732 0.03798924
3.29000000  0.28579255 0.03800183
3.30000000  0.28628918 0.03803984
3.31000000  0.28668176 0.03800807
3.32000000  0.28654269 0.03803023
3.33000000  0.28747270 0.03802935
3.34000000  0.28790710 0.03806733
3.35000000  0.28773901 0.03803065
3.36000000  0.28826784 0.03805166
3.37000000  0.28874761 0.03807893
3.38000000  0.28931808 0.03813391
3.39000000  0.28989655 0.03803889
3.40000000  0.29002555 0.03815037
3.41000000  0.29019856 0.03805881
3.42000000  0.29057599 0.03820086
3.43000000  0.29091874 0.03809691
3.44000000  0.29115783 0.03812847
3.45000000  0.29199854 0.03815389
3.46000000  0.29213467 0.03821346
3.47000000  0.29229406 0.03820970
3.48000000  0.29348071 0.03817458
3.49000000  0.29348330 0.03813321
3.50000000  0.29390046 0.03819951
3.51000000  0.29460779 0.03819702
3.52000000  0.29454445 0.03822548
3.53000000  0.29514855 0.03817382
3.54000000  0.29503715 0.03825641
3.55000000  0.29585705 0.03826246
3.56000000  0.29645309 0.03826430
3.57000000  0.29616627 0.03831027
3.58000000  0.29683864 0.03823239
3.59000000  0.29752184 0.03828768
3.60000000  0.29757719 0.03823461
3.61000000  0.29778449 0.03831807
3.62000000  0.29779539 0.03831983
3.63000000  0.29870971 0.03833450
3.64000000  0.29906461 0.03835258
3.65000000  0.29897780 0.03842470
3.66000000  0.29978566 0.03840121
3.67000000  0.30070181 0.03834595
3.68000000  0.30083085 0.03832733
3.69000000  0.30122776 0.03837285
3.70000000  0.30145206 0.03840089
3.71000000  0.30170611 0.03839861
3.72000000  0.30221636 0.03847707
3.73000000  0.30315949 0.03846259
3.74000000  0.30322792 0.03846018
3.75000000  0.30349808 0.03850958
3.76000000  0.30332335 0.03846789
3.77000000  0.30433660 0.03847562
3.78000000  0.30447442 0.03848478
3.79000000  0.30464752 0.03850405
3.80000000  0.30575100 0.03847548
3.81000000  0.30588883 0.03851906
3.82000000  0.30630545 0.03848712
3.83000000  0.30716423 0.03857469
3.84000000  0.30662882 0.03853081
3.85000000  0.30780190 0.03857321
3.86000000  0.30801773 0.03861666
3.87000000  0.30801700 0.03861279
3.88000000  0.30801247 0.03863514
3.89000000  0.30903545 0.03864077
3.90000000  0.30914853 0.03856087
3.91000000  0.30957394 0.03861103
3.92000000  0.30998589 0.03870225
3.93000000  0.31024882 0.03868534
3.94000000  0.31083706 0.03872755
3.95000000  0.31095438 0.03867606
3.96000000  0.31161109 0.03878241
3.97000000  0.31247985 0.03868957
3.98000000  0.31215684 0.03880252
3.99000000  0.31208179 0.03878270
4.00000000  0.31230705 0.03877391
4.01000000  0.31288070 0.03875550
4.02000000  0.31410687 0.03885495
4.03000000  0.31403462 0.03878811
4.04000000  0.31480167 0.03881673
4.05000000  0.31483165 0.03885450
4.06000000  0.31539334 0.03890557
4.07000000  0.31557140 0.03894925
4.08000000  0.31706590 0.03890211
4.09000000  0.31669720 0.03894378
4.10000000  0.31686935 0.03894449
4.11000000  0.31742895 0.03898928
4.12000000  0.31767309 0.03896132
4.13000000  0.31804811 0.03893531
4.14000000  0.31894232 0.03902048
4.15000000  0.31900418 0.03905984
4.16000000  0.31881891 0.03902061
4.17000000  0.31915902 0.03903912
4.18000000  0.31984881 0.03903807
4.19000000  0.31971767 0.03907690
4.20000000  0.32139731 0.03910830
4.21000000  0.32080611 0.03912295
4.22000000  0.32132232 0.03920958
4.23000000  0.32203016 0.03917008
4.24000000  0.32238287 0.03915412
4.25000000  0.32242784 0.03921478
4.26000000  0.32303274 0.03923959
4.27000000  0.32353516 0.03926443
4.28000000  0.32399276 0.03927347
4.29000000  0.32461676 0.03930336
4.30000000  0.32434383 0.03929998
4.31000000  0.32494227 0.03934217
4.32000000  0.32546871 0.03929304
4.33000000  0.32550949 0.03935283
4.34000000  0.32613157 0.03930695
4.35000000  0.32642791 0.03940430
4.36000000  0.32711285 0.03942914
4.37000000  0.32712869 0.03941706
4.38000000  0.32790629 0.03943985
4.39000000  0.32847207 0.03948201
4.40000000  0.32837019 0.03947526
4.41000000  0.32912326 0.03951814
4.42000000  0.32973361 0.03950805
4.43000000  0.32935699 0.03947012
4.44000000  0.33043790 0.03955309
4.45000000  0.33109803 0.03951755
4.46000000  0.33105595 0.03957916
4.47000000  0.33177583 0.03958245
4.48000000  0.33231131 0.03961046
4.49000000  0.33301239 0.03968685
4.50000000  0.33282536 0.03969801
4.51000000  0.33261681 0.03967846
4.52000000  0.33325263 0.03969324
4.53000000  0.33439517 0.03974355
4.54000000  0.33485200 0.03976417
4.55000000  0.33432486 0.03965918
4.56000000  0.33541434 0.03978349
4.57000000  0.33524221 0.03985217
4.58000000  0.33637688 0.03985806
4.59000000  0.33548985 0.03983384
4.60000000  0.33601466 0.03988639
4.61000000  0.33742745 0.03985032
4.62000000  0.33768774 0.03996208
4.63000000  0.33788132 0.03993883
4.64000000  0.33827168 0.04002946
4.65000000  0.33883803 0.03990606
4.66000000  0.33891024 0.04001206
4.67000000  0.33914072 0.04008538
4.68000000  0.33996761 0.04004049
4.69000000  0.33938970 0.04009215
4.70000000  0.34075592 0.04020528
4.71000000  0.34063409 0.04015634
4.72000000  0.34181071 0.04020189
4.73000000  0.34153125 0.04013751
4.74000000  0.34258390 0.04010917
4.75000000  0.34264596 0.04024283
4.76000000  0.34276443 0.04029488
4.77000000  0.34353263 0.04019875
4.78000000  0.34391558 0.04030326
4.79000000  0.34486932 0.04027240
4.80000000  0.34506403 0.04039259
4.81000000  0.34474510 0.04041171
4.82000000  0.34550889 0.04031903
4.83000000  0.34585545 0.04040733
4.84000000  0.34596842 0.04046131
4.85000000  0.34678592 0.04043591
4.86000000  0.34668435 0.04043196
4.87000000  0.34796430 0.04053638
4.88000000  0.34722648 0.04055198
4.89000000  0.34813523 0.04048157
4.90000000  0.34847135 0.04063155
4.91000000  0.34843224 0.04059960
4.92000000  0.34976256 0.04052324
4.93000000  0.34966477 0.04065546
4.94000000  0.35036111 0.04067634
4.95000000  0.35077042 0.04070387
4.96000000  0.35129194 0.04074629
4.97000000  0.35135895 0.04083266
4.98000000  0.35215222 0.04076477
4.99000000  0.35185614 0.04084309
