0.00000000  0.01999521 0.02002102
0.01000000  0.02021030 0.02073789
0.02000000  0.02037493 0.02146669
0.03000000  0.02063154 0.02219534
0.04000000  0.02085968 0.02290573
0.05000000  0.02108085 0.02358519
0.06000000  0.02131759 0.02426549
0.07000000  0.02156090 0.02498103
0.08000000  0.02184098 0.02565491
0.09000000  0.02212895 0.02631049
0.10000000  0.02234215 0.02699611
0.11000000  0.02265050 0.02769276
0.12000000  0.02290298 0.02825121
0.13000000  0.02317911 0.02893120
0.14000000  0.02352205 0.02962636
0.15000000  0.02381378 0.03026305
0.16000000  0.02408600 0.03091937
0.17000000  0.02439134 0.03142849
0.18000000  0.02475016 0.03208271
0.19000000  0.02504981 0.03270803
0.20000000  0.02536518 0.03331055
0.21000000  0.02572036 0.03392444
0.22000000  0.02609701 0.03445148
0.23000000  0.02637594 0.03503617
0.24000000  0.02675550 0.03560692
0.25000000  0.02708887 0.03620848
0.26000000  0.02746729 0.03674171
0.27000000  0.02782344 0.03730544
0.28000000  0.02818207 0.03775755
0.29000000  0.02863516 0.03837335
0.30000000  0.02893934 0.03886795
0.31000000  0.02940538 0.03942430
0.32000000  0.02980245 0.03993835
0.33000000  0.03017436 0.04044875
0.34000000  0.03059631 0.04099302
0.35000000  0.03099185 0.04142133
0.36000000  0.03147744 0.04192905
0.37000000  0.03181872 0.04245974
0.38000000  0.03225497 0.04292267
0.39000000  0.03268594 0.04336429
0.40000000  0.03308530 0.04387571
0.41000000  0.03355152 0.04430411
0.42000000  0.03399901 0.04472012
0.43000000  0.03447447 0.04525738
0.44000000  0.03486355 0.04573024
0.45000000  0.03535466 0.04606211
0.46000000  0.03587162 0.04653144
0.47000000  0.03628950 0.04699040
0.48000000  0.03675036 0.04728901
0.49000000  0.03731552 0.04783344
0.50000000  0.03773841 0.04812583
0.51000000  0.03820572 0.04853968
0.52000000  0.03880022 0.04899911
0.53000000  0.03910920 0.04943561
0.54000000  0.03971971 0.04974891
0.55000000  0.04021619 0.05015001
0.56000000  0.04064109 0.05049218
0.57000000  0.04123693 0.05094720
0.58000000  0.04170840 0.05133428
0.59000000  0.04230601 0.05173227
0.60000000  0.04273945 0.05192247
0.61000000  0.04322290 0.05235812
0.62000000  0.04378852 0.05266509
0.63000000  0.04433148 0.05304626
0.64000000  0.04482576 0.05341685
0.65000000  0.04541502 0.05371226
0.66000000  0.04595254 0.05416321
0.67000000  0.04638171 0.05437578
0.68000000  0.04704705 0.05466841
0.69000000  0.04752469 0.05494325
0.70000000  0.04815211 0.05528961
0.71000000  0.04866799 0.05564235
0.72000000  0.04922786 0.05599674
0.73000000  0.04975927 0.05620765
0.74000000  0.05033223 0.05655011
0.75000000  0.05093086 0.05685966
0.76000000  0.05146932 0.05707608
0.77000000  0.05204625 0.05734998
0.78000000  0.05272485 0.05773984
0.79000000  0.05324786 0.05794745
0.80000000  0.05380848 0.05812964
0.81000000  0.05436981 0.05850813
0.82000000  0.05496173 0.05868522
0.83000000  0.05546312 0.05892855
0.84000000  0.05618774 0.05916235
0.85000000  0.05678946 0.05940826
0.86000000  0.05738103 0.05963646
0.87000000  0.05785659 0.05975832
0.88000000  0.05853073 0.06024866
0.89000000  0.05923240 0.06045231
0.90000000  0.05981670 0.06060882
0.91000000  0.06042799 0.06082869
0.92000000  0.06096692 0.06105592
0.93000000  0.06156122 0.06118870
0.94000000  0.06220714 0.06151400
0.95000000  0.06298403 0.06159858
0.96000000  0.06347116 0.06178898
0.97000000  0.06401660 0.06205210
0.98000000  0.06469713 0.06212979
0.99000000  0.06532604 0.06248021
1.00000000  0.06587015 0.06246514
1.01000000  0.06659693 0.06285702
1.02000000  0.06720225 0.06286985
1.03000000  0.06770112 0.06321131
1.04000000  0.06837878 0.06335705
1.05000000  0.06921737 0.06358087
1.06000000  0.06977526 0.06362302
1.07000000  0.07035522 0.06377558
1.08000000  0.07101029 0.06402818
1.09000000  0.07158931 0.06425748
1.10000000  0.07212111 0.06437552
1.11000000  0.07307410 0.06460722
1.12000000  0.07357543 0.06461278
1.13000000  0.07408632 0.06470920
1.14000000  0.07481172 0.06501401
1.15000000  0.07548144 0.06503092
1.16000000  0.07605370 0.06510201
1.17000000  0.07677820 0.06533397
1.18000000  0.07740811 0.06544167
1.19000000  0.07809805 0.06563611
1.20000000  0.07873474 0.06566956
1.21000000  0.07930419 0.06582745
1.22000000  0.08004893 0.06601138
1.23000000  0.08079314 0.06603513
1.24000000  0.08148118 0.06616053
1.25000000  0.08201608 0.06623366
1.26000000  0.08286739 0.06634362
1.27000000  0.08329804 0.06638909
1.28000000  0.08405836 0.06657254
1.29000000  0.08477558 0.06664964
1.30000000  0.08524606 0.06677482
1.31000000  0.08607863 0.06679278
1.32000000  0.08676634 0.06685529
1.33000000  0.08742654 0.06699615
1.34000000  0.08807676 0.06711922
1.35000000  0.08872398 0.06727671
1.36000000  0.08945682 0.06725896
1.37000000  0.09002374 0.06728535
1.38000000  0.09069674 0.06745255
1.39000000  0.09142438 0.06756447
1.40000000  0.09212681 0.06758064
1.41000000  0.09293511 0.06758663
1.42000000  0.09334419 0.06774688
1.43000000  0.09423351 0.06774678
1.44000000  0.09479890 0.06778296
1.45000000  0.09566172 0.06780403
1.46000000  0.09614122 0.06793166
1.47000000  0.09681108 0.06796568
1.48000000  0.09776121 0.06804643
1.49000000  0.09819261 0.06814439
1.50000000  0.09882707 0.06816626
1.51000000  0.09971235 0.06825504
1.52000000  0.10031490 0.06824146
1.53000000  0.10094566 0.06826088
1.54000000  0.10172751 0.06820260
1.55000000  0.10232309 0.06837579
1.56000000  0.10291730 0.06835116
1.57000000  0.10369206 0.06839058
1.58000000  0.10439761 0.06841626
1.59000000  0.10508548 0.06854717
1.60000000  0.10567661 0.06851144
1.61000000  0.10637649 0.06849707
1.62000000  0.10722751 0.06847436
1.63000000  0.10787393 0.06858525
1.64000000  0.10845275 0.06858122
1.65000000  0.10920805 0.06869398
1.66000000  0.10991272 0.06868143
1.67000000  0.11063038 0.06862947
1.68000000  0.11142212 0.06868103
1.69000000  0.11194804 0.06862386
1.70000000  0.11251030 0.06857571
1.71000000  0.11316145 0.06866853
1.72000000  0.11394714 0.06863492
1.73000000  0.11486595 0.06863411
1.74000000  0.11524029 0.06860189
1.75000000  0.11617667 0.06868675
1.76000000  0.11657279 0.06890930
1.77000000  0.11751978 0.06871299
1.78000000  0.11806428 0.06853750
1.79000000  0.11876842 0.06858287
1.80000000  0.11969532 0.06872957
1.81000000  0.12012419 0.06858503
1.82000000  0.12099983 0.06859514
1.83000000  0.12157361 0.06861147
1.84000000  0.12210064 0.06854341
1.85000000  0.12313714 0.06855617
1.86000000  0.12358663 0.06850630
1.87000000  0.12437100 0.06849378
1.88000000  0.12516467 0.06856272
1.89000000  0.12558685 0.06846811
1.90000000  0.12610452 0.06851898
1.91000000  0.12711116 0.06842594
1.92000000  0.12769642 0.06847954
1.93000000  0.12832557 0.06843138
1.94000000  0.12887695 0.06830552
1.95000000  0.12961985 0.06830813
1.96000000  0.13018362 0.06829612
1.97000000  0.13115161 0.06813249
1.98000000  0.13181062 0.06826855
1.99000000  0.13258119 0.06839773
2.00000000  0.13316950 0.06812238
2.01000000  0.13398503 0.06820073
2.02000000  0.13437619 0.06806223
2.03000000  0.13493600 0.06802283
2.04000000  0.13592149 0.06807335
2.05000000  0.13647110 0.06787080
2.06000000  0.13713924 0.06793517
2.07000000  0.13778890 0.06781517
2.08000000  0.13861301 0.06791012
2.09000000  0.13954440 0.06766857
2.10000000  0.13997950 0.06772766
2.11000000  0.14029523 0.06769026
2.12000000  0.14133961 0.06759800
2.13000000  0.14189229 0.06762721
2.14000000  0.14248353 0.06762719
2.15000000  0.14350924 0.06758113
2.16000000  0.14396950 0.06746033
2.17000000  0.14434935 0.06736162
2.18000000  0.14521801 0.06733946
2.19000000  0.14630973 0.06735883
2.20000000  0.14682745 0.06720887
2.21000000  0.14740956 0.06713501
2.22000000  0.14804898 0.06708608
2.23000000  0.14848579 0.06709460
2.24000000  0.14951321 0.06699200
2.25000000  0.14997276 0.06678535
2.26000000  0.15059100 0.06686819
2.27000000  0.15151348 0.06680173
2.28000000  0.15195514 0.06668717
2.29000000  0.15276976 0.06660077
2.30000000  0.15375284 0.06659623
2.31000000  0.15420708 0.06658315
2.32000000  0.15495379 0.06649592
2.33000000  0.15538357 0.06648494
2.34000000  0.15597081 0.06636505
2.35000000  0.15672306 0.06622662
2.36000000  0.15725538 0.06625708
2.37000000  0.15792386 0.06607848
2.38000000  0.15875015 0.06602043
2.39000000  0.15912583 0.06617304
2.40000000  0.16017993 0.06585647
2.41000000  0.16068580 0.06593109
2.42000000  0.16159880 0.06576987
2.43000000  0.16197081 0.06579587
2.44000000  0.16256416 0.06562578
2.45000000  0.16341874 0.06558620
2.46000000  0.16394708 0.06552465
2.47000000  0.16456626 0.06538768
2.48000000  0.16505691 0.06523074
2.49000000  0.16608618 0.06530364
2.50000000  0.16668550 0.06526520
2.51000000  0.16743932 0.06512608
2.52000000  0.16787026 0.06495646
2.53000000  0.16818172 0.06494602
2.54000000  0.16919793 0.06480475
2.55000000  0.16986415 0.06483195
2.56000000  0.17035663 0.06470168
2.57000000  0.17109736 0.06456580
2.58000000  0.17193506 0.06449354
2.59000000  0.17229552 0.06451524
2.60000000  0.17310027 0.06436474
2.61000000  0.17369255 0.06432336
2.62000000  0.17442090 0.06428894
2.63000000  0.17540487 0.06407241
2.64000000  0.17565991 0.06405650
2.65000000  0.17636671 0.06399463
2.66000000  0.17695484 0.06389481
2.67000000  0.17776731 0.06380071
2.68000000  0.17800495 0.06372314
2.69000000  0.17889432 0.06362005
2.70000000  0.17943988 0.06351304
2.71000000  0.18025820 0.06343690
2.72000000  0.18046535 0.06330484
2.73000000  0.18160819 0.06329453
2.74000000  0.18211131 0.06325001
2.75000000  0.18220855 0.06304622
2.76000000  0.18338615 0.06298226
2.77000000  0.18392439 0.06293614
2.78000000  0.18445702 0.06276854
2.79000000  0.18531414 0.06274810
2.80000000  0.18569711 0.06272069
2.81000000  0.18643701 0.06256798
2.82000000  0.18698585 0.06242096
2.83000000  0.18722665 0.06242504
2.84000000  0.18830340 0.06235618
2.85000000  0.18900511 0.06223001
2.86000000  0.18938683 0.06211656
2.87000000  0.19007275 0.06200103
2.88000000  0.19066393 0.06197560
2.89000000  0.19120121 0.06190167
2.90000000  0.19227132 0.06187257
2.91000000  0.19250685 0.06166500
2.92000000  0.19340884 0.06152620
2.93000000  0.19390743 0.06139894
2.94000000  0.19455461 0.06124080
2.95000000  0.19535597 0.06133518
2.96000000  0.19559546 0.06114699
2.97000000  0.19601548 0.06116347
2.98000000  0.19668946 0.06094577
2.99000000  0.19732323 0.06103630
3.00000000  0.19785989 0.06091423
3.01000000  0.19862176 0.06072586
3.02000000  0.19898593 0.06067841
3.03000000  0.19998916 0.06058988
3.04000000  0.20055341 0.06040708
3.05000000  0.20112796 0.06041003
3.06000000  0.20160285 0.06028329
3.07000000  0.20206753 0.06008793
3.08000000  0.20301651 0.06002178
3.09000000  0.20343103 0.06002917
3.10000000  0.20430213 0.05991956
3.11000000  0.20450806 0.05976482
3.12000000  0.20524756 0.05968433
3.13000000  0.20593505 0.05963009
3.14000000  0.20659285 0.05954479
3.15000000  0.20718161 0.05930782
3.16000000  0.20749028 0.05929886
3.17000000  0.20845397 0.05914874
3.18000000  0.20902180 0.05920083
3.19000000  0.20946608 0.05907739
3.20000000  0.21016950 0.05903869
3.21000000  0.21038307 0.05898155
3.22000000  0.21094133 0.05882221
3.23000000  0.21165137 0.05854356
3.24000000  0.21224127 0.05864129
3.25000000  0.21294367 0.05852301
3.26000000  0.21385856 0.05837262
3.27000000  0.21378295 0.05828672
3.28000000  0.21487650 0.05822867
3.29000000  0.21552440 0.05809485
3.30000000  0.21584795 0.05791891
3.31000000  0.21664487 0.05787362
3.32000000  0.21725029 0.05787594
3.33000000  0.21777104 0.05776795
3.34000000  0.21801063 0.05757963
3.35000000  0.21897860 0.05765188
3.36000000  0.21937027 0.05740802
3.37000000  0.21998050 0.05746490
3.38000000  0.22034884 0.05725077
3.39000000  0.22107241 0.05715349
3.40000000  0.22158558 0.05706301
3.41000000  0.22244497 0.05705875
3.42000000  0.22268969 0.05689330
3.43000000  0.22364570 0.05676161
3.44000000  0.22394893 0.05669884
3.45000000  0.22410204 0.05647478
3.46000000  0.22510113 0.05646135
3.47000000  0.22560833 0.05648530
3.48000000  0.22604488 0.05630659
3.49000000  0.22674730 0.05617042
3.50000000  0.22740970 0.05615574
3.51000000  0.22784088 0.05599320
3.52000000  0.22838940 0.05600654
3.53000000  0.22910920 0.05587889
3.54000000  0.22997964 0.05585320
3.55000000  0.23016170 0.05566324
3.56000000  0.23050567 0.05570264
3.57000000  0.23094321 0.05542833
3.58000000  0.23176156 0.05538680
3.59000000  0.23253310 0.05529328
3.60000000  0.23251200 0.05518482
3.61000000  0.23341547 0.05503749
3.62000000  0.23393931 0.05503857
3.63000000  0.23467397 0.05490369
3.64000000  0.23517961 0.05478986
3.65000000  0.23579985 0.05473187
3.66000000  0.23601571 0.05471445
3.67000000  0.23597724 0.05458691
3.68000000  0.23759383 0.05443504
3.69000000  0.23771885 0.05434083
3.70000000  0.23852474 0.05429460
3.71000000  0.23893076 0.05419908
3.72000000  0.23959825 0.05410553
3.73000000  0.24007992 0.05404661
3.74000000  0.24059454 0.05397605
3.75000000  0.24108834 0.05384226
3.76000000  0.24182080 0.05376570
3.77000000  0.24189333 0.05366098
3.78000000  0.24240455 0.05358284
3.79000000  0.24326099 0.05339958
3.80000000  0.24382725 0.05338511
3.81000000  0.24416666 0.05325231
3.82000000  0.24511791 0.05323168
3.83000000  0.24518775 0.05310062
3.84000000  0.24601489 0.05311887
3.85000000  0.24613201 0.05286936
3.86000000  0.24691739 0.05290616
3.87000000  0.24729717 0.05274226
3.88000000  0.24784755 0.05271097
3.89000000  0.24861101 0.05253430
3.90000000  0.24947356 0.05259314
3.91000000  0.24917729 0.05243798
3.92000000  0.25016024 0.05239143
3.93000000  0.25088662 0.05225584
3.94000000  0.25120055 0.05224870
3.95000000  0.25090469 0.05200810
3.96000000  0.25250632 0.05197887
3.97000000  0.25257114 0.05195765
3.98000000  0.25334683 0.05190171
3.99000000  0.25380920 0.05171641
4.00000000  0.25440059 0.05165560
4.01000000  0.25488307 0.05162253
4.02000000  0.25550731 0.05147203
4.03000000  0.25606542 0.05153344
4.04000000  0.25654910 0.05142074
4.05000000  0.25689680 0.05120619
4.06000000  0.25725496 0.05119390
4.07000000  0.25774816 0.05112018
4.08000000  0.25815201 0.05110132
4.09000000  0.25922054 0.05105625
4.10000000  0.25946897 0.05090066
4.11000000  0.25963728 0.05074548
4.12000000  0.26035609 0.05056660
4.13000000  0.26072853 0.05055853
4.14000000  0.26168075 0.05056945
4.15000000  0.26191980 0.05040327
4.16000000  0.26255092 0.05035907
4.17000000  0.26316484 0.05023100
4.18000000  0.26290483 0.05019105
4.19000000  0.26387891 0.05017872
4.20000000  0.26399569 0.05009964
4.21000000  0.26516538 0.05001468
4.22000000  0.26555181 0.04982544
4.23000000  0.26611123 0.04977344
4.24000000  0.26661549 0.04975368
4.25000000  0.26694293 0.04962025
4.26000000  0.26741753 0.04956573
4.27000000  0.26774859 0.04947527
4.28000000  0.26811919 0.04934643
4.29000000  0.26884035 0.04928366
4.30000000  0.26941539 0.04930849
4.31000000  0.26999690 0.04914407
4.32000000  0.27038720 0.04910447
4.33000000  0.27096708 0.04906938
4.34000000  0.27182777 0.04900729
4.35000000  0.27228691 0.04882174
4.36000000  0.27272842 0.04870347
4.37000000  0.27242237 0.04875251
4.38000000  0.27296185 0.04866261
4.39000000  0.27377222 0.04855212
4.40000000  0.27446441 0.04847999
4.41000000  0.27459067 0.04842550
4.42000000  0.27524858 0.04841227
4.43000000  0.27628222 0.04821733
4.44000000  0.27603315 0.04822358
4.45000000  0.27684375 0.04803721
4.46000000  0.27763163 0.04805212
4.47000000  0.27824279 0.04800819
4.48000000  0.27826201 0.04792758
4.49000000  0.27871847 0.04784483
4.50000000  0.27896635 0.04786558
4.51000000  0.27942066 0.04771580
4.52000000  0.28013979 0.04759572
4.53000000  0.28095996 0.04758263
4.54000000  0.28130457 0.04748556
4.55000000  0.28141452 0.04742417
4.56000000  0.28210232 0.04734513
4.57000000  0.28267077 0.04720859
4.58000000  0.28327996 0.04725977
4.59000000  0.28333112 0.04714715
4.60000000  0.28448038 0.04702781
4.61000000  0.28402942 0.04699213
4.62000000  0.28459030 0.04681137
4.63000000  0.28573491 0.04684743
4.64000000  0.28596750 0.04672436
4.65000000  0.28593492 0.04674676
4.66000000  0.28679482 0.04654991
4.67000000  0.28668947 0.04652718
4.68000000  0.28750030 0.04644233
4.69000000  0.28827886 0.04648662
4.70000000  0.28871122 0.04641846
4.71000000  0.28895356 0.04628725
4.72000000  0.28984758 0.04619558
4.73000000  0.29003273 0.04618000
4.74000000  0.29042124 0.04608765
4.75000000  0.29076917 0.04605812
4.76000000  0.29131537 0.04599552
4.77000000  0.29155327 0.04596726
4.78000000  0.29173326 0.04590202
4.79000000  0.29303791 0.04577174
4.80000000  0.29268920 0.04571498
4.81000000  0.29355733 0.04561411
4.82000000  0.29363757 0.04556326
4.83000000  0.29400721 0.04556430
4.84000000  0.29446976 0.04543843
4.85000000  0.29505612 0.04541017
4.86000000  0.29597762 0.04529380
4.87000000  0.29633214 0.04525836
4.88000000  0.29664955 0.04522574
4.89000000  0.29759096 0.04514742
4.90000000  0.29781375 0.04510598
4.91000000  0.29796975 0.04500785
4.92000000  0.29847699 0.04498283
4.93000000  0.29925840 0.04492380
4.94000000  0.29970127 0.04486821
4.95000000  0.29974070 0.04475026
4.96000000  0.30006832 0.04477736
4.97000000  0.30062794 0.04470696
4.98000000  0.30143961 0.04455370
4.99000000  0.30196226 0.04451618
