0.00000000  0.06000000 0.06000000
0.01000000  0.06060043 0.06008494
0.02000000  0.06120173 0.06017467
0.03000000  0.06180394 0.06026915
0.04000000  0.06240713 0.06036834
0.05000000  0.06301132 0.06047219
0.06000000  0.06361657 0.06058067
0.07000000  0.06422293 0.06069373
0.08000000  0.06483045 0.06081133
0.09000000  0.06543917 0.06093343
0.10000000  0.06604914 0.06106001
0.11000000  0.06666039 0.06119102
0.12000000  0.06727297 0.06132643
0.13000000  0.06788693 0.06146621
0.14000000  0.06850231 0.06161032
0.15000000  0.06911915 0.06175872
0.16000000  0.06973749 0.06191139
0.17000000  0.07035739 0.06206830
0.18000000  0.07097887 0.06222940
0.19000000  0.07160199 0.06239468
0.20000000  0.07222678 0.06256411
0.21000000  0.07285329 0.06273764
0.22000000  0.07348155 0.06291527
0.23000000  0.07411161 0.06309695
0.24000000  0.07474350 0.06328266
0.25000000  0.07537728 0.06347237
0.26000000  0.07601297 0.06366607
0.27000000  0.07665061 0.06386372
0.28000000  0.07729026 0.06406529
0.29000000  0.07793193 0.06427077
0.30000000  0.07857568 0.06448014
0.31000000  0.07922155 0.06469336
0.32000000  0.07986957 0.06491042
0.33000000  0.08051977 0.06513129
0.34000000  0.08117220 0.06535596
0.35000000  0.08182690 0.06558440
0.36000000  0.08248390 0.06581658
0.37000000  0.08314325 0.06605251
0.38000000  0.08380497 0.06629214
0.39000000  0.08446910 0.06653547
0.40000000  0.08513569 0.06678247
0.41000000  0.08580476 0.06703313
0.42000000  0.08647636 0.06728743
0.43000000  0.08715053 0.06754535
0.44000000  0.08782728 0.06780688
0.45000000  0.08850668 0.06807201
0.46000000  0.08918874 0.06834070
0.47000000  0.08987350 0.06861296
0.48000000  0.09056101 0.06888877
0.49000000  0.09125129 0.06916810
0.50000000  0.09194438 0.06945095
0.51000000  0.09264032 0.06973731
0.52000000  0.09333914 0.07002716
0.53000000  0.09404088 0.07032049
0.54000000  0.09474557 0.07061728
0.55000000  0.09545324 0.07091753
0.56000000  0.09616393 0.07122122
0.57000000  0.09687768 0.07152835
0.58000000  0.09759451 0.07183890
0.59000000  0.09831447 0.07215286
0.60000000  0.09903758 0.07247022
0.61000000  0.09976388 0.07279097
0.62000000  0.10049341 0.07311511
0.63000000  0.10122619 0.07344263
0.64000000  0.10196227 0.07377350
0.65000000  0.10270167 0.07410774
0.66000000  0.10344443 0.07444533
0.67000000  0.10419058 0.07478626
0.68000000  0.10494016 0.07513052
0.69000000  0.10569320 0.07547811
0.70000000  0.10644973 0.07582902
0.71000000  0.10720979 0.07618324
0.72000000  0.10797340 0.07654078
0.73000000  0.10874061 0.07690161
0.74000000  0.10951145 0.07726574
0.75000000  0.11028594 0.07763316
0.76000000  0.11106412 0.07800387
0.77000000  0.11184603 0.07837786
0.78000000  0.11263169 0.07875513
0.79000000  0.11342114 0.07913567
0.80000000  0.11421442 0.07951948
0.81000000  0.11501155 0.07990656
0.82000000  0.11581256 0.08029691
0.83000000  0.11661750 0.08069052
0.84000000  0.11742638 0.08108738
0.85000000  0.11823925 0.08148750
0.86000000  0.11905614 0.08189088
0.87000000  0.11987708 0.08229750
0.88000000  0.12070210 0.08270738
0.89000000  0.12153124 0.08312050
0.90000000  0.12236452 0.08353687
0.91000000  0.12320199 0.08395648
0.92000000  0.12404366 0.08437934
0.93000000  0.12488958 0.08480545
0.94000000  0.12573978 0.08523479
0.95000000  0.12659429 0.08566738
0.96000000  0.12745314 0.08610321
0.97000000  0.12831637 0.08654229
0.98000000  0.12918400 0.08698461
0.99000000  0.13005607 0.08743017
1.00000000  0.13093261 0.08787898
1.01000000  0.13181366 0.08833103
1.02000000  0.13269924 0.08878634
1.03000000  0.13358940 0.08924489
1.04000000  0.13448415 0.08970669
1.05000000  0.13538354 0.09017174
1.06000000  0.13628760 0.09064004
1.07000000  0.13719635 0.09111160
1.08000000  0.13810984 0.09158642
1.09000000  0.13902809 0.09206450
1.10000000  0.13995114 0.09254584
1.11000000  0.14087902 0.09303045
1.12000000  0.14181176 0.09351833
1.13000000  0.14274940 0.09400947
1.14000000  0.14369196 0.09450390
1.15000000  0.14463949 0.09500160
1.16000000  0.14559200 0.09550258
1.17000000  0.14654955 0.09600685
1.18000000  0.14751215 0.09651440
1.19000000  0.14847985 0.09702525
1.20000000  0.14945267 0.09753940
1.21000000  0.15043065 0.09805685
1.22000000  0.15141382 0.09857761
1.23000000  0.15240221 0.09910167
1.24000000  0.15339586 0.09962905
1.25000000  0.15439480 0.10015975
1.26000000  0.15539907 0.10069378
1.27000000  0.15640869 0.10123114
1.28000000  0.15742370 0.10177183
1.29000000  0.15844414 0.10231586
1.30000000  0.15947003 0.10286324
1.31000000  0.16050141 0.10341397
1.32000000  0.16153832 0.10396806
1.33000000  0.16258078 0.10452551
1.34000000  0.16362884 0.10508633
1.35000000  0.16468252 0.10565052
1.36000000  0.16574186 0.10621810
1.37000000  0.16680689 0.10678906
1.38000000  0.16787765 0.10736342
1.39000000  0.16895417 0.10794117
1.40000000  0.17003649 0.10852234
1.41000000  0.17112463 0.10910692
1.42000000  0.17221864 0.10969492
1.43000000  0.17331854 0.11028634
1.44000000  0.17442438 0.11088120
1.45000000  0.17553618 0.11147950
1.46000000  0.17665398 0.11208125
1.47000000  0.17777781 0.11268646
1.48000000  0.17890772 0.11329512
1.49000000  0.18004373 0.11390726
1.50000000  0.18118587 0.11452288
1.51000000  0.18233420 0.11514198
1.52000000  0.18348873 0.11576458
1.53000000  0.18464950 0.11639068
1.54000000  0.18581655 0.11702028
1.55000000  0.18698992 0.11765341
1.56000000  0.18816963 0.11829005
1.57000000  0.18935573 0.11893024
1.58000000  0.19054825 0.11957396
1.59000000  0.19174722 0.12022123
1.60000000  0.19295268 0.12087206
1.61000000  0.19416467 0.12152646
1.62000000  0.19538322 0.12218443
1.63000000  0.19660837 0.12284598
1.64000000  0.19784015 0.12351113
1.65000000  0.19907861 0.12417988
1.66000000  0.20032376 0.12485224
1.67000000  0.20157566 0.12552821
1.68000000  0.20283434 0.12620781
1.69000000  0.20409983 0.12689105
1.70000000  0.20537217 0.12757794
1.71000000  0.20665140 0.12826847
1.72000000  0.20793755 0.12896267
1.73000000  0.20923067 0.12966055
1.74000000  0.21053078 0.13036210
1.75000000  0.21183792 0.13106735
1.76000000  0.21315214 0.13177630
1.77000000  0.21447346 0.13248895
1.78000000  0.21580193 0.13320533
1.79000000  0.21713758 0.13392543
1.80000000  0.21848045 0.13464928
1.81000000  0.21983058 0.13537687
1.82000000  0.22118800 0.13610822
1.83000000  0.22255275 0.13684333
1.84000000  0.22392488 0.13758223
1.85000000  0.22530441 0.13832491
1.86000000  0.22669139 0.13907138
1.87000000  0.22808585 0.13982167
1.88000000  0.22948784 0.14057577
1.89000000  0.23089738 0.14133369
1.90000000  0.23231452 0.14209546
1.91000000  0.23373930 0.14286107
1.92000000  0.23517176 0.14363054
1.93000000  0.23661192 0.14440387
1.94000000  0.23805985 0.14518108
1.95000000  0.23951556 0.14596218
1.96000000  0.24097910 0.14674718
1.97000000  0.24245052 0.14753608
1.98000000  0.24392984 0.14832891
1.99000000  0.24541711 0.14912566
2.00000000  0.24691236 0.14992635
2.01000000  0.24841565 0.15073099
2.02000000  0.24992700 0.15153959
2.03000000  0.25144645 0.15235217
2.04000000  0.25297405 0.15316872
2.05000000  0.25450984 0.15398926
2.06000000  0.25605385 0.15481381
2.07000000  0.25760613 0.15564237
2.08000000  0.25916671 0.15647496
2.09000000  0.26073564 0.15731158
2.10000000  0.26231296 0.15815224
2.11000000  0.26389870 0.15899696
2.12000000  0.26549291 0.15984575
2.13000000  0.26709563 0.16069861
2.14000000  0.26870690 0.16155556
2.15000000  0.27032675 0.16241661
2.16000000  0.27195524 0.16328178
2.17000000  0.27359240 0.16415106
2.18000000  0.27523828 0.16502448
2.19000000  0.27689290 0.16590203
2.20000000  0.27855633 0.16678375
2.21000000  0.28022859 0.16766963
2.22000000  0.28190974 0.16855968
2.23000000  0.28359980 0.16945392
2.24000000  0.28529883 0.17035236
2.25000000  0.28700686 0.17125501
2.26000000  0.28872394 0.17216188
2.27000000  0.29045011 0.17307298
2.28000000  0.29218542 0.17398833
2.29000000  0.29392989 0.17490793
2.30000000  0.29568359 0.17583179
2.31000000  0.29744654 0.17675994
2.32000000  0.29921880 0.17769237
2.33000000  0.30100041 0.17862910
2.34000000  0.30279140 0.17957014
2.35000000  0.30459182 0.18051551
2.36000000  0.30640172 0.18146521
2.37000000  0.30822114 0.18241925
2.38000000  0.31005012 0.18337765
2.39000000  0.31188871 0.18434042
2.40000000  0.31373695 0.18530757
2.41000000  0.31559488 0.18627911
2.42000000  0.31746254 0.18725506
2.43000000  0.31933999 0.18823541
2.44000000  0.32122727 0.18922020
2.45000000  0.32312441 0.19020942
2.46000000  0.32503147 0.19120309
2.47000000  0.32694849 0.19220123
2.48000000  0.32887551 0.19320384
2.49000000  0.33081258 0.19421093
2.50000000  0.33275974 0.19522252
2.51000000  0.33471705 0.19623862
2.52000000  0.33668453 0.19725924
2.53000000  0.33866225 0.19828439
2.54000000  0.34065023 0.19931409
2.55000000  0.34264854 0.20034835
2.56000000  0.34465722 0.20138717
2.57000000  0.34667630 0.20243057
2.58000000  0.34870584 0.20347857
2.59000000  0.35074589 0.20453117
2.60000000  0.35279648 0.20558839
2.61000000  0.35485767 0.20665024
2.62000000  0.35692950 0.20771673
2.63000000  0.35901202 0.20878787
2.64000000  0.36110528 0.20986369
2.65000000  0.36320931 0.21094418
2.66000000  0.36532418 0.21202936
2.67000000  0.36744992 0.21311924
2.68000000  0.36958658 0.21421385
2.69000000  0.37173421 0.21531318
2.70000000  0.37389286 0.21641725
2.71000000  0.37606257 0.21752608
2.72000000  0.37824340 0.21863968
2.73000000  0.38043538 0.21975806
2.74000000  0.38263857 0.22088122
2.75000000  0.38485302 0.22200920
2.76000000  0.38707877 0.22314199
2.77000000  0.38931588 0.22427962
2.78000000  0.39156438 0.22542209
2.79000000  0.39382434 0.22656942
2.80000000  0.39609579 0.22772163
2.81000000  0.39837879 0.22887871
2.82000000  0.40067338 0.23004070
2.83000000  0.40297962 0.23120760
2.84000000  0.40529755 0.23237943
2.85000000  0.40762722 0.23355619
2.86000000  0.40996869 0.23473791
2.87000000  0.41232200 0.23592460
2.88000000  0.41468720 0.23711627
2.89000000  0.41706434 0.23831293
2.90000000  0.41945348 0.23951460
2.91000000  0.42185465 0.24072130
2.92000000  0.42426792 0.24193303
2.93000000  0.42669333 0.24314981
2.94000000  0.42913093 0.24437167
2.95000000  0.43158078 0.24559860
2.96000000  0.43404292 0.24683063
2.97000000  0.43651741 0.24806777
2.98000000  0.43900430 0.24931004
2.99000000  0.44150363 0.25055745
3.00000000  0.44401546 0.25181002
3.01000000  0.44653985 0.25306776
3.02000000  0.44907684 0.25433069
3.03000000  0.45162648 0.25559882
3.04000000  0.45418883 0.25687217
3.05000000  0.45676395 0.25815075
3.06000000  0.45935187 0.25943459
3.07000000  0.46195266 0.26072369
3.08000000  0.46456636 0.26201808
3.09000000  0.46719304 0.26331776
3.10000000  0.46983273 0.26462276
3.11000000  0.47248551 0.26593310
3.12000000  0.47515141 0.26724879
3.13000000  0.47783050 0.26856984
3.14000000  0.48052283 0.26989628
3.15000000  0.48322845 0.27122812
3.16000000  0.48594741 0.27256539
3.17000000  0.48867977 0.27390809
3.18000000  0.49142559 0.27525625
3.19000000  0.49418492 0.27660989
3.20000000  0.49695781 0.27796902
3.21000000  0.49974432 0.27933366
3.22000000  0.50254450 0.28070384
3.23000000  0.50535841 0.28207956
3.24000000  0.50818611 0.28346086
3.25000000  0.51102765 0.28484775
3.26000000  0.51388309 0.28624024
3.27000000  0.51675247 0.28763837
3.28000000  0.51963587 0.28904215
3.29000000  0.52253334 0.29045161
3.30000000  0.52544492 0.29186675
3.31000000  0.52837069 0.29328761
3.32000000  0.53131070 0.29471421
3.33000000  0.53426500 0.29614656
3.34000000  0.53723365 0.29758470
3.35000000  0.54021671 0.29902863
3.36000000  0.54321424 0.30047839
3.37000000  0.54622630 0.30193400
3.38000000  0.54925294 0.30339549
3.39000000  0.55229423 0.30486286
3.40000000  0.55535022 0.30633616
3.41000000  0.55842097 0.30781541
3.42000000  0.56150655 0.30930062
3.43000000  0.56460701 0.31079182
3.44000000  0.56772241 0.31228905
3.45000000  0.57085281 0.31379232
3.46000000  0.57399827 0.31530167
3.47000000  0.57715886 0.31681711
3.48000000  0.58033464 0.31833868
3.49000000  0.58352566 0.31986641
3.50000000  0.58673199 0.32140032
3.51000000  0.58995369 0.32294043
3.52000000  0.59319082 0.32448679
3.53000000  0.59644344 0.32603942
3.54000000  0.59971163 0.32759835
3.55000000  0.60299543 0.32916360
3.56000000  0.60629492 0.33073522
3.57000000  0.60961016 0.33231322
3.58000000  0.61294121 0.33389765
3.59000000  0.61628814 0.33548854
3.60000000  0.61965101 0.33708591
3.61000000  0.62302988 0.33868981
3.62000000  0.62642482 0.34030026
3.63000000  0.62983591 0.34191730
3.64000000  0.63326319 0.34354097
3.65000000  0.63670675 0.34517130
3.66000000  0.64016664 0.34680833
3.67000000  0.64364294 0.34845209
3.68000000  0.64713571 0.35010263
3.69000000  0.65064502 0.35175998
3.70000000  0.65417094 0.35342418
3.71000000  0.65771353 0.35509526
3.72000000  0.66127287 0.35677328
3.73000000  0.66484902 0.35845827
3.74000000  0.66844206 0.36015026
3.75000000  0.67205205 0.36184932
3.76000000  0.67567907 0.36355547
3.77000000  0.67932318 0.36526876
3.78000000  0.68298447 0.36698925
3.79000000  0.68666299 0.36871696
3.80000000  0.69035883 0.37045195
3.81000000  0.69407206 0.37219427
3.82000000  0.69780275 0.37394397
3.83000000  0.70155097 0.37570108
3.84000000  0.70531680 0.37746567
3.85000000  0.70910031 0.37923779
3.86000000  0.71290158 0.38101747
3.87000000  0.71672068 0.38280479
3.88000000  0.72055770 0.38459978
3.89000000  0.72441271 0.38640251
3.90000000  0.72828578 0.38821303
3.91000000  0.73217699 0.39003139
3.92000000  0.73608643 0.39185767
3.93000000  0.74001417 0.39369190
3.94000000  0.74396030 0.39553416
3.95000000  0.74792488 0.39738450
3.96000000  0.75190802 0.39924299
3.97000000  0.75590977 0.40110968
3.98000000  0.75993024 0.40298465
3.99000000  0.76396949 0.40486795
4.00000000  0.76802763 0.40675966
4.01000000  0.77210472 0.40865984
4.02000000  0.77620085 0.41056856
4.03000000  0.78031612 0.41248589
4.04000000  0.78445060 0.41441190
4.05000000  0.78860439 0.41634667
4.06000000  0.79277756 0.41829027
4.07000000  0.79697022 0.42024277
4.08000000  0.80118245 0.42220426
4.09000000  0.80541434 0.42417480
4.10000000  0.80966598 0.42615448
4.11000000  0.81393746 0.42814339
4.12000000  0.81822888 0.43014160
4.13000000  0.82254033 0.43214919
4.14000000  0.82687190 0.43416627
4.15000000  0.83122368 0.43619290
4.16000000  0.83559579 0.43822919
4.17000000  0.83998830 0.44027521
4.18000000  0.84440133 0.44233107
4.19000000  0.84883496 0.44439686
4.20000000  0.85328930 0.44647268
4.21000000  0.85776445 0.44855861
4.22000000  0.86226051 0.45065477
4.23000000  0.86677758 0.45276126
4.24000000  0.87131577 0.45487817
4.25000000  0.87587518 0.45700561
4.26000000  0.88045592 0.45914370
4.27000000  0.88505809 0.46129253
4.28000000  0.88968181 0.46345222
4.29000000  0.89432717 0.46562289
4.30000000  0.89899430 0.46780465
4.31000000  0.90368330 0.46999761
4.32000000  0.90839429 0.47220190
4.33000000  0.91312738 0.47441765
4.34000000  0.91788269 0.47664496
4.35000000  0.92266032 0.47888398
4.36000000  0.92746041 0.48113483
4.37000000  0.93228306 0.48339764
4.38000000  0.93712840 0.48567255
4.39000000  0.94199656 0.48795969
4.40000000  0.94688764 0.49025920
4.41000000  0.95180178 0.49257122
4.42000000  0.95673911 0.49489591
4.43000000  0.96169975 0.49723340
4.44000000  0.96668382 0.49958384
4.45000000  0.97169147 0.50194740
4.46000000  0.97672282 0.50432422
4.47000000  0.98177800 0.50671446
4.48000000  0.98685716 0.50911829
4.49000000  0.99196042 0.51153587
4.50000000  0.99708792 0.51396736
4.51000000  1.00223981 0.51641294
4.52000000  1.00741623 0.51887278
4.53000000  1.01261732 0.52134707
4.54000000  1.01784322 0.52383597
4.55000000  1.02309409 0.52633968
4.56000000  1.02837006 0.52885838
4.57000000  1.03367131 0.53139226
4.58000000  1.03899796 0.53394153
4.59000000  1.04435019 0.53650637
4.60000000  1.04972814 0.53908699
4.61000000  1.05513198 0.54168360
4.62000000  1.06056187 0.54429641
4.63000000  1.06601797 0.54692563
4.64000000  1.07150044 0.54957147
4.65000000  1.07700945 0.55223417
4.66000000  1.08254518 0.55491395
4.67000000  1.08810779 0.55761103
4.68000000  1.09369746 0.56032566
4.69000000  1.09931437 0.56305807
4.70000000  1.10495868 0.56580851
4.71000000  1.11063060 0.56857723
4.72000000  1.11633029 0.57136448
4.73000000  1.12205795 0.57417052
4.74000000  1.12781377 0.57699562
4.75000000  1.13359793 0.57984003
4.76000000  1.13941064 0.58270405
4.77000000  1.14525208 0.58558793
4.78000000  1.15112246 0.58849198
4.79000000  1.15702199 0.59141648
4.80000000  1.16295086 0.59436172
4.81000000  1.16890930 0.59732801
4.82000000  1.17489750 0.60031565
4.83000000  1.18091568 0.60332497
4.84000000  1.18696407 0.60635626
4.85000000  1.19304289 0.60940987
4.86000000  1.19915235 0.61248612
4.87000000  1.20529269 0.61558535
4.88000000  1.21146413 0.61870791
4.89000000  1.21766693 0.62185414
4.90000000  1.22390130 0.62502441
4.91000000  1.23016750 0.62821908
4.92000000  1.23646577 0.63143853
4.93000000  1.24279636 0.63468313
4.94000000  1.24915952 0.63795326
4.95000000  1.25555551 0.64124933
4.96000000  1.26198459 0.64457174
4.97000000  1.26844703 0.64792089
4.98000000  1.27494310 0.65129721
4.99000000  1.28147307 0.65470113
