0.00000000  0.00000000 0.09976302
0.01000000  0.00101115 0.09776722
0.02000000  0.00196894 0.09955090
0.03000000  0.00294763 0.09739257
0.04000000  0.00399945 0.09517207
0.05000000  0.00488430 0.09491653
0.06000000  0.00578639 0.09344156
0.07000000  0.00676461 0.09202602
0.08000000  0.00770362 0.09215538
0.09000000  0.00888506 0.09057786
0.10000000  0.00955253 0.09311946
0.11000000  0.01036207 0.09084784
0.12000000  0.01145972 0.08938220
0.13000000  0.01233295 0.08819223
0.14000000  0.01314792 0.08628140
0.15000000  0.01405485 0.08826660
0.16000000  0.01510876 0.08623180
0.17000000  0.01575044 0.08546793
0.18000000  0.01694526 0.08509704
0.19000000  0.01739985 0.08495425
0.20000000  0.01831273 0.08403787
0.21000000  0.01910046 0.08356095
0.22000000  0.01987168 0.08289557
0.23000000  0.02081012 0.08243861
0.24000000  0.02132140 0.08004439
0.25000000  0.02243476 0.08051127
0.26000000  0.02285560 0.07913866
0.27000000  0.02391300 0.07886336
0.28000000  0.02502217 0.07874368
0.29000000  0.02552455 0.07755081
0.30000000  0.02598890 0.07810813
0.31000000  0.02681979 0.07738025
0.32000000  0.02782488 0.07713018
0.33000000  0.02907762 0.07601758
0.34000000  0.02925407 0.07724637
0.35000000  0.03051457 0.07480479
0.36000000  0.03101784 0.07506079
0.37000000  0.03194791 0.07533713
0.38000000  0.03218112 0.07520967
0.39000000  0.03297827 0.07397539
0.40000000  0.03361719 0.07331535
0.41000000  0.03515998 0.07337455
0.42000000  0.03469475 0.07210314
0.43000000  0.03549533 0.07346379
0.44000000  0.03679841 0.07248070
0.45000000  0.03687053 0.07146713
0.46000000  0.03856041 0.07228573
0.47000000  0.03899470 0.07118610
0.48000000  0.04018743 0.07000462
0.49000000  0.04073781 0.06991129
0.50000000  0.04121846 0.07094139
0.51000000  0.04153987 0.06922921
0.52000000  0.04299092 0.06926634
0.53000000  0.04354334 0.06972123
0.54000000  0.04372112 0.06828870
0.55000000  0.04442053 0.06761797
0.56000000  0.04501463 0.06875769
0.57000000  0.04537915 0.06882599
0.58000000  0.04699585 0.06829680
0.59000000  0.04745732 0.06744316
0.60000000  0.04754904 0.06799528
0.61000000  0.04889146 0.06749455
0.62000000  0.04966756 0.06754613
0.63000000  0.04963677 0.06708474
0.64000000  0.05062592 0.06719754
0.65000000  0.05138091 0.06661605
0.66000000  0.05163418 0.06797450
0.67000000  0.05229087 0.06667077
0.68000000  0.05365539 0.06760577
0.69000000  0.05278402 0.06617340
0.70000000  0.05488631 0.06653781
0.71000000  0.05574377 0.06525325
0.72000000  0.05589630 0.06521126
0.73000000  0.05680244 0.06512480
0.74000000  0.05671186 0.06572232
0.75000000  0.05789609 0.06595424
0.76000000  0.05759276 0.06449262
0.77000000  0.05860674 0.06519358
0.78000000  0.06075623 0.06580313
0.79000000  0.06157686 0.06569321
0.80000000  0.06114233 0.06538853
0.81000000  0.06236669 0.06424005
0.82000000  0.06246071 0.06599539
0.83000000  0.06343573 0.06499217
0.84000000  0.06352573 0.06517754
0.85000000  0.06543051 0.06489592
0.86000000  0.06494332 0.06418199
0.87000000  0.06443736 0.06578037
0.88000000  0.06652609 0.06505084
0.89000000  0.06648354 0.06470834
0.90000000  0.06742495 0.06457360
0.91000000  0.06904934 0.06469798
0.92000000  0.06835029 0.06635166
0.93000000  0.07010916 0.06466223
0.94000000  0.07001389 0.06551167
0.95000000  0.07094917 0.06672871
0.96000000  0.07094217 0.06623583
0.97000000  0.07166696 0.06504217
0.98000000  0.07317471 0.06532157
0.99000000  0.07481724 0.06530588
1.00000000  0.07346126 0.06582339
1.01000000  0.07486138 0.06522341
1.02000000  0.07455057 0.06641942
1.03000000  0.07574170 0.06633366
1.04000000  0.07709479 0.06670771
1.05000000  0.07790820 0.06678696
1.06000000  0.07792649 0.06719000
1.07000000  0.07848003 0.06711032
1.08000000  0.07867128 0.06662534
1.09000000  0.08096097 0.06740080
1.10000000  0.08107285 0.06768599
1.11000000  0.08181816 0.06573540
1.12000000  0.08267231 0.06651491
1.13000000  0.08201395 0.06761944
1.14000000  0.08443313 0.06874444
1.15000000  0.08347496 0.06738465
1.16000000  0.08351976 0.06817947
1.17000000  0.08501688 0.06778547
1.18000000  0.08637633 0.06880144
1.19000000  0.08722876 0.06704423
1.20000000  0.08707837 0.06867393
1.21000000  0.08846900 0.06762735
1.22000000  0.08855726 0.06961149
1.23000000  0.08957782 0.06879134
1.24000000  0.08985241 0.06919534
1.25000000  0.09202491 0.06947038
1.26000000  0.09240826 0.07048227
1.27000000  0.09199291 0.07084552
1.28000000  0.09219891 0.07105576
1.29000000  0.09628999 0.07148569
1.30000000  0.09465546 0.06977914
1.31000000  0.09432360 0.07166301
1.32000000  0.09567164 0.07236875
1.33000000  0.09645760 0.07153239
1.34000000  0.09662059 0.07203037
1.35000000  0.09780258 0.07358631
1.36000000  0.09772162 0.07204440
1.37000000  0.09995856 0.07364063
1.38000000  0.10013887 0.07442911
1.39000000  0.10035983 0.07341878
1.40000000  0.10311017 0.07417132
1.41000000  0.10276708 0.07393275
1.42000000  0.10363024 0.07588791
1.43000000  0.10336403 0.07413087
1.44000000  0.10497576 0.07397124
1.45000000  0.10533609 0.07611636
1.46000000  0.10761205 0.07729926
1.47000000  0.10787863 0.07530277
1.48000000  0.10715952 0.07639972
1.49000000  0.10799161 0.07711020
1.50000000  0.10907635 0.07711413
1.51000000  0.11013233 0.07872848
1.52000000  0.11307796 0.07782416
1.53000000  0.11448996 0.07838762
1.54000000  0.11251250 0.07835490
1.55000000  0.11201367 0.07851379
1.56000000  0.11349002 0.07900903
1.57000000  0.11835956 0.07868565
1.58000000  0.11492987 0.07883231
1.59000000  0.11770509 0.08076806
1.60000000  0.11869707 0.08114447
1.61000000  0.11723600 0.08108356
1.62000000  0.11822904 0.08134730
1.63000000  0.12010531 0.08150211
1.64000000  0.12194466 0.08223750
1.65000000  0.11994485 0.08196757
1.66000000  0.12019127 0.08430702
1.67000000  0.12402186 0.08425425
1.68000000  0.12289082 0.08360327
1.69000000  0.12628790 0.08466661
1.70000000  0.12725063 0.08512160
1.71000000  0.12548572 0.08631519
1.72000000  0.12646931 0.08553973
1.73000000  0.12907822 0.08580699
1.74000000  0.12813025 0.08671918
1.75000000  0.12983679 0.08798906
1.76000000  0.12969198 0.08773439
1.77000000  0.13108223 0.08855059
1.78000000  0.13342564 0.08752573
1.79000000  0.13297433 0.08720162
1.80000000  0.13421012 0.08861744
1.81000000  0.13511660 0.08980668
1.82000000  0.13787610 0.08949699
1.83000000  0.13704034 0.09258012
1.84000000  0.13658148 0.09274369
1.85000000  0.13672954 0.09071452
1.86000000  0.13834135 0.09444441
1.87000000  0.14016536 0.09263466
1.88000000  0.14105013 0.09429290
1.89000000  0.14166494 0.09350143
1.90000000  0.14284624 0.09539631
1.91000000  0.14464037 0.09525454
1.92000000  0.14514215 0.09445911
1.93000000  0.14375965 0.09732307
1.94000000  0.14811800 0.09556905
1.95000000  0.14732021 0.09606781
1.96000000  0.15025125 0.09786926
1.97000000  0.14862908 0.09685357
1.98000000  0.15304867 0.09870069
1.99000000  0.14936436 0.10117766
2.00000000  0.15428576 0.09944485
2.01000000  0.15465329 0.10091551
2.02000000  0.15619549 0.10043907
2.03000000  0.15600964 0.10284539
2.04000000  0.15751159 0.10413042
2.05000000  0.15699953 0.10264288
2.06000000  0.15927654 0.10458133
2.07000000  0.15677489 0.10661707
2.08000000  0.15988369 0.10599800
2.09000000  0.16278137 0.10651513
2.10000000  0.16071365 0.10707687
2.11000000  0.16611548 0.10623432
2.12000000  0.16499769 0.10812700
2.13000000  0.16835097 0.10872488
2.14000000  0.16694263 0.10890354
2.15000000  0.16808145 0.11009819
2.16000000  0.17077512 0.11016406
2.17000000  0.17225369 0.11174378
2.18000000  0.17510628 0.11243875
2.19000000  0.17479312 0.11296797
2.20000000  0.17581069 0.11269875
2.21000000  0.17524808 0.11432474
2.22000000  0.17909347 0.11401639
2.23000000  0.17742966 0.11410470
2.24000000  0.17945907 0.11444056
2.25000000  0.18218695 0.11355983
2.26000000  0.18311338 0.11674069
2.27000000  0.18282857 0.11853723
2.28000000  0.18103371 0.11792117
2.29000000  0.18295607 0.11732022
2.30000000  0.18701203 0.11997246
2.31000000  0.18654961 0.11934204
2.32000000  0.18889573 0.12081839
2.33000000  0.19126043 0.12143417
2.34000000  0.18907883 0.12413525
2.35000000  0.18962851 0.12409080
2.36000000  0.19278389 0.12463641
2.37000000  0.19746754 0.12344174
2.38000000  0.19675333 0.12486591
2.39000000  0.20175231 0.12832406
2.40000000  0.19665859 0.12718636
2.41000000  0.19965549 0.12847147
2.42000000  0.20201859 0.12671245
2.43000000  0.20241819 0.12894413
2.44000000  0.20502170 0.13020738
2.45000000  0.20497268 0.13199103
2.46000000  0.20150710 0.13234944
2.47000000  0.20832895 0.13206182
2.48000000  0.20899404 0.13287413
2.49000000  0.20981622 0.13330650
2.50000000  0.20923127 0.13561449
2.51000000  0.21168152 0.13815926
2.52000000  0.21735395 0.13899312
2.53000000  0.21633575 0.13923692
2.54000000  0.21731842 0.13998107
2.55000000  0.21571936 0.14160036
2.56000000  0.22162942 0.14153666
2.57000000  0.22702424 0.14055397
2.58000000  0.22128448 0.14506450
2.59000000  0.22397627 0.14381471
2.60000000  0.22419888 0.14291458
2.61000000  0.22419485 0.14683010
2.62000000  0.22848178 0.14628821
2.63000000  0.22987772 0.14521003
2.64000000  0.23424636 0.14924106
2.65000000  0.23365361 0.14977483
2.66000000  0.23600152 0.15283786
2.67000000  0.23399861 0.15101984
2.68000000  0.23894905 0.15254132
2.69000000  0.24070546 0.15447457
2.70000000  0.24216741 0.15392406
2.71000000  0.23794246 0.15564299
2.72000000  0.24504521 0.15472391
2.73000000  0.24431383 0.15653908
2.74000000  0.24834809 0.15864612
2.75000000  0.24707134 0.15759518
2.76000000  0.25146538 0.15703220
2.77000000  0.25471226 0.15952830
2.78000000  0.25674665 0.16080022
2.79000000  0.25388020 0.16442236
2.80000000  0.26192451 0.16520881
2.81000000  0.26122401 0.16518729
2.82000000  0.26155766 0.16700167
2.83000000  0.26477418 0.16631182
2.84000000  0.26328293 0.16939711
2.85000000  0.26116289 0.16921887
2.86000000  0.26908014 0.16714122
2.87000000  0.27278985 0.17456058
2.88000000  0.27448321 0.17171323
2.89000000  0.27240773 0.17139227
2.90000000  0.26918046 0.17570255
2.91000000  0.27659043 0.17458627
2.92000000  0.28013617 0.17776425
2.93000000  0.27952131 0.18057228
2.94000000  0.28027101 0.18166595
2.95000000  0.27813606 0.18209584
2.96000000  0.28200820 0.18054248
2.97000000  0.28391090 0.18309877
2.98000000  0.29064004 0.18505077
2.99000000  0.29336309 0.18501023
3.00000000  0.29468796 0.18933469
3.01000000  0.29529973 0.18992725
3.02000000  0.28971304 0.18869206
3.03000000  0.29834471 0.18998074
3.04000000  0.30485368 0.19346079
3.05000000  0.30056316 0.19456215
3.06000000  0.30450322 0.19520246
3.07000000  0.30999046 0.19548227
3.08000000  0.30538423 0.19683899
3.09000000  0.30570254 0.19890728
3.10000000  0.30804640 0.19754748
3.11000000  0.31220530 0.19878001
3.12000000  0.31624212 0.20206814
3.13000000  0.31273491 0.20235272
3.14000000  0.31798631 0.20481615
3.15000000  0.31569796 0.20806482
3.16000000  0.32244261 0.20828011
3.17000000  0.33343224 0.21068052
3.18000000  0.32901649 0.21064679
3.19000000  0.33249466 0.21219202
3.20000000  0.32866647 0.21683782
3.21000000  0.33083528 0.21458395
3.22000000  0.34268410 0.21654114
3.23000000  0.33789726 0.21799265
3.24000000  0.34542947 0.21657508
3.25000000  0.34231647 0.21997913
3.26000000  0.34893212 0.21940427
3.27000000  0.33998390 0.22139250
3.28000000  0.34826821 0.22309454
3.29000000  0.35420603 0.22499376
3.30000000  0.35271617 0.22691443
3.31000000  0.35275838 0.22575268
3.32000000  0.35908698 0.22943305
3.33000000  0.36115216 0.23073066
3.34000000  0.36253574 0.23059090
3.35000000  0.37040823 0.23665656
3.36000000  0.36903144 0.23912788
3.37000000  0.36897519 0.23742138
3.38000000  0.36683870 0.24008320
3.39000000  0.37802895 0.24490250
3.40000000  0.37685346 0.24788507
3.41000000  0.38271244 0.24361912
3.42000000  0.38265359 0.24491883
3.43000000  0.38948034 0.25165592
3.44000000  0.38045487 0.24903681
3.45000000  0.38992794 0.24680166
3.46000000  0.39234097 0.25703243
3.47000000  0.39157385 0.24919041
3.48000000  0.40087477 0.25297404
3.49000000  0.39462831 0.25884136
3.50000000  0.39991510 0.25492490
3.51000000  0.41308432 0.26201730
3.52000000  0.40619368 0.26691803
3.53000000  0.40887967 0.26456755
3.54000000  0.41184923 0.26700321
3.55000000  0.40820784 0.26283609
3.56000000  0.41689635 0.27037455
3.57000000  0.42560551 0.26880871
3.58000000  0.42913854 0.27604224
3.59000000  0.42607703 0.26999624
3.60000000  0.42585778 0.27723794
3.61000000  0.42982471 0.28243192
3.62000000  0.43542115 0.28159527
3.63000000  0.43594326 0.27945630
3.64000000  0.43863261 0.28793306
3.65000000  0.43908829 0.28347512
3.66000000  0.44155510 0.28837312
3.67000000  0.44748842 0.29096371
3.68000000  0.45485405 0.29366096
3.69000000  0.45291605 0.29552112
3.70000000  0.45878986 0.30060677
3.71000000  0.46068338 0.29377707
3.72000000  0.46012791 0.29813919
3.73000000  0.46536655 0.30615647
3.74000000  0.46881993 0.31078552
3.75000000  0.47895030 0.31032721
3.76000000  0.48057430 0.30697778
3.77000000  0.47251943 0.30862743
3.78000000  0.48346798 0.31661219
3.79000000  0.48114174 0.31620740
3.80000000  0.48315705 0.32648887
3.81000000  0.48870972 0.31913566
3.82000000  0.49373474 0.32340793
3.83000000  0.49346632 0.32367513
3.84000000  0.50252640 0.32836999
3.85000000  0.50584467 0.33184064
3.86000000  0.51101658 0.33458755
3.87000000  0.50423819 0.33488986
3.88000000  0.51270231 0.33837875
3.89000000  0.52740093 0.34036458
3.90000000  0.51754876 0.34391548
3.91000000  0.52492820 0.34663743
3.92000000  0.53356829 0.34602599
3.93000000  0.52338024 0.34977911
3.94000000  0.53944091 0.34982383
3.95000000  0.53830292 0.34856825
3.96000000  0.53897202 0.35630563
3.97000000  0.53970777 0.35458338
3.98000000  0.55251552 0.36043426
3.99000000  0.55958843 0.36228901
