0.00000000  0.00000000 0.12251318
0.01000000  0.00121360 0.11909374
0.02000000  0.00238800 0.11742488
0.03000000  0.00352921 0.11604762
0.04000000  0.00472893 0.11625509
0.05000000  0.00584686 0.11412962
0.06000000  0.00696622 0.11312179
0.07000000  0.00808141 0.10944102
0.08000000  0.00930445 0.11238452
0.09000000  0.01041130 0.11002114
0.10000000  0.01160913 0.11001422
0.11000000  0.01239302 0.10892855
0.12000000  0.01343693 0.10788161
0.13000000  0.01462797 0.10512839
0.14000000  0.01550592 0.10538519
0.15000000  0.01705621 0.10536277
0.16000000  0.01791461 0.10088165
0.17000000  0.01890781 0.10446253
0.18000000  0.01978363 0.10260000
0.19000000  0.02115620 0.10062784
0.20000000  0.02211001 0.09979459
0.21000000  0.02299853 0.09914896
0.22000000  0.02378789 0.09892031
0.23000000  0.02447313 0.09774330
0.24000000  0.02589528 0.09584965
0.25000000  0.02647840 0.09492214
0.26000000  0.02818716 0.09535136
0.27000000  0.02844468 0.09585505
0.28000000  0.02963056 0.09590621
0.29000000  0.03069979 0.09484817
0.30000000  0.03179459 0.09440068
0.31000000  0.03231967 0.09267261
0.32000000  0.03389605 0.09218468
0.33000000  0.03459789 0.09162564
0.34000000  0.03433086 0.08999799
0.35000000  0.03611381 0.08906216
0.36000000  0.03663691 0.08841979
0.37000000  0.03821423 0.08927297
0.38000000  0.03850390 0.08877807
0.39000000  0.03989506 0.08880629
0.40000000  0.04164076 0.08932357
0.41000000  0.04051130 0.08738569
0.42000000  0.04274900 0.08532865
0.43000000  0.04272984 0.08689009
0.44000000  0.04461445 0.08451028
0.45000000  0.04533282 0.08518859
0.46000000  0.04633616 0.08551838
0.47000000  0.04754641 0.08447095
0.48000000  0.04697631 0.08554299
0.49000000  0.04823484 0.08549946
0.50000000  0.04846001 0.08443265
0.51000000  0.05071506 0.08351498
0.52000000  0.05085177 0.08465625
0.53000000  0.05155638 0.08392321
0.54000000  0.05302911 0.08277825
0.55000000  0.05444125 0.08142628
0.56000000  0.05387745 0.08190356
0.57000000  0.05512074 0.08227960
0.58000000  0.05534336 0.08236162
0.59000000  0.05669387 0.08048256
0.60000000  0.05723891 0.08091595
0.61000000  0.05767537 0.08005636
0.62000000  0.05846977 0.07974595
0.63000000  0.05956536 0.07921954
0.64000000  0.06117380 0.08088008
0.65000000  0.06099394 0.07952211
0.66000000  0.06374145 0.08112191
0.67000000  0.06363522 0.08028686
0.68000000  0.06398396 0.07930765
0.69000000  0.06460805 0.07921210
0.70000000  0.06487931 0.07900648
0.71000000  0.06503375 0.07906465
0.72000000  0.06718313 0.08050276
0.73000000  0.06766568 0.07802138
0.74000000  0.06957444 0.08038696
0.75000000  0.06897904 0.07968853
0.76000000  0.07076052 0.07816962
0.77000000  0.07158435 0.07945502
0.78000000  0.07138461 0.07808777
0.79000000  0.07236560 0.07834759
0.80000000  0.07285244 0.07870688
0.81000000  0.07479489 0.07726434
0.82000000  0.07489307 0.07777036
0.83000000  0.07505727 0.07736398
0.84000000  0.07523332 0.07819678
0.85000000  0.07674262 0.07787490
0.86000000  0.07732109 0.07820992
0.87000000  0.07825611 0.07810230
0.88000000  0.07923848 0.07886572
0.89000000  0.07833243 0.07829586
0.90000000  0.08061273 0.07818537
0.91000000  0.08178651 0.07831764
0.92000000  0.08321302 0.07820743
0.93000000  0.08363937 0.07771782
0.94000000  0.08446069 0.07774125
0.95000000  0.08414281 0.07863403
0.96000000  0.08593729 0.07976203
0.97000000  0.08683816 0.07903422
0.98000000  0.08833804 0.08068331
0.99000000  0.08836882 0.07915385
1.00000000  0.08921500 0.08024126
1.01000000  0.09011279 0.07883666
1.02000000  0.09170602 0.08082364
1.03000000  0.09393791 0.07910417
1.04000000  0.09242142 0.07974095
1.05000000  0.09531372 0.07981827
1.06000000  0.09311609 0.08004324
1.07000000  0.09377876 0.08077218
1.08000000  0.09628320 0.08176755
1.09000000  0.09526867 0.08074428
1.10000000  0.09571092 0.08095548
1.11000000  0.09734642 0.07993598
1.12000000  0.09824986 0.08138906
1.13000000  0.09874875 0.08082637
1.14000000  0.10185496 0.08025355
1.15000000  0.10093358 0.08239138
1.16000000  0.10213752 0.08173345
1.17000000  0.10240718 0.08273337
1.18000000  0.10195470 0.08311621
1.19000000  0.10473069 0.08331381
1.20000000  0.10334229 0.08505043
1.21000000  0.10509309 0.08306631
1.22000000  0.10651611 0.08224130
1.23000000  0.10752841 0.08363663
1.24000000  0.11044033 0.08397738
1.25000000  0.11115247 0.08377494
1.26000000  0.10999142 0.08623943
1.27000000  0.10880734 0.08379675
1.28000000  0.11075431 0.08504316
1.29000000  0.11271769 0.08636371
1.30000000  0.11124834 0.08521822
1.31000000  0.11392354 0.08529147
1.32000000  0.11592773 0.08612502
1.33000000  0.11630919 0.08607830
1.34000000  0.11684932 0.08798824
1.35000000  0.11602189 0.08675733
1.36000000  0.11803182 0.08696708
1.37000000  0.11911625 0.08762822
1.38000000  0.11967216 0.08825989
1.39000000  0.12284031 0.08834226
1.40000000  0.12329690 0.08857365
1.41000000  0.12570246 0.08904216
1.42000000  0.12122431 0.09002920
1.43000000  0.12314764 0.09047830
1.44000000  0.12789486 0.09042894
1.45000000  0.12428400 0.09183962
1.46000000  0.12876739 0.09203291
1.47000000  0.12949993 0.09158949
1.48000000  0.13045814 0.09126944
1.49000000  0.13149253 0.09280975
1.50000000  0.13066384 0.09258363
1.51000000  0.13139461 0.09312978
1.52000000  0.13373855 0.09383435
1.53000000  0.13488458 0.09331273
1.54000000  0.13522222 0.09612280
1.55000000  0.13691640 0.09433213
1.56000000  0.13801046 0.09449574
1.57000000  0.13597835 0.09630877
1.58000000  0.13859451 0.09559056
1.59000000  0.14012606 0.09640727
1.60000000  0.14071727 0.09722974
1.61000000  0.14053485 0.09814981
1.62000000  0.14320257 0.09865286
1.63000000  0.14363224 0.09740962
1.64000000  0.14325887 0.10069971
1.65000000  0.14527939 0.10005725
1.66000000  0.14760773 0.10142450
1.67000000  0.15059779 0.10039236
1.68000000  0.14933523 0.10271652
1.69000000  0.15357045 0.10214018
1.70000000  0.15059080 0.10471433
1.71000000  0.15247415 0.10116041
1.72000000  0.15317092 0.10110670
1.73000000  0.15509163 0.10460927
1.74000000  0.15577535 0.10363241
1.75000000  0.15645958 0.10368300
1.76000000  0.15565944 0.10417490
1.77000000  0.15941449 0.10600634
1.78000000  0.15984750 0.10615514
1.79000000  0.16297545 0.10655685
1.80000000  0.16418149 0.10996027
1.81000000  0.16207145 0.10747991
1.82000000  0.16438302 0.10979244
1.83000000  0.16358319 0.10844352
1.84000000  0.16474311 0.11024824
1.85000000  0.16894023 0.11007603
1.86000000  0.16852078 0.11143791
1.87000000  0.16933541 0.11115008
1.88000000  0.16945501 0.11408790
1.89000000  0.17015434 0.11259904
1.90000000  0.17316687 0.11433535
1.91000000  0.17108343 0.11455154
1.92000000  0.17405549 0.11608837
1.93000000  0.17446953 0.11632199
1.94000000  0.17511947 0.11674939
1.95000000  0.17734117 0.11712414
1.96000000  0.18125603 0.11952187
1.97000000  0.17861735 0.11912328
1.98000000  0.18391231 0.11886652
1.99000000  0.18235909 0.12047574
2.00000000  0.18303931 0.12206224
2.01000000  0.18394334 0.12222831
2.02000000  0.18522781 0.12244653
2.03000000  0.18716024 0.12329568
2.04000000  0.18729400 0.12400017
2.05000000  0.18961361 0.12586248
2.06000000  0.19316487 0.12452147
2.07000000  0.19104686 0.12558183
2.08000000  0.19348185 0.12539822
2.09000000  0.19838878 0.12751214
2.10000000  0.20053134 0.12741342
2.11000000  0.19446150 0.12730047
2.12000000  0.20016238 0.12920528
2.13000000  0.20070710 0.13008335
2.14000000  0.20200152 0.13207565
2.15000000  0.20312978 0.13129309
2.16000000  0.20605046 0.13322023
2.17000000  0.20646175 0.13286839
2.18000000  0.20317149 0.13520041
2.19000000  0.20870367 0.13635372
2.20000000  0.21178596 0.13621919
2.21000000  0.21027806 0.13896385
2.22000000  0.21530317 0.13759544
2.23000000  0.20908711 0.14056028
2.24000000  0.21477656 0.14276842
2.25000000  0.21421795 0.14051786
2.26000000  0.21755774 0.14028999
2.27000000  0.22202282 0.14218530
2.28000000  0.22398005 0.14323472
2.29000000  0.22378987 0.14100307
2.30000000  0.21900553 0.14526254
2.31000000  0.22596816 0.14373001
2.32000000  0.22556032 0.14620163
2.33000000  0.23035085 0.14695531
2.34000000  0.22866146 0.14823369
2.35000000  0.23131433 0.14632533
2.36000000  0.23097029 0.14918638
2.37000000  0.23741755 0.14975434
2.38000000  0.23274359 0.15092092
2.39000000  0.24126797 0.15429686
2.40000000  0.24254105 0.15177329
2.41000000  0.24261425 0.15617633
2.42000000  0.24319104 0.15682366
2.43000000  0.24279549 0.15429292
2.44000000  0.24649174 0.15662268
2.45000000  0.24375851 0.15607884
2.46000000  0.25066664 0.16167122
2.47000000  0.24934582 0.16098500
2.48000000  0.25005844 0.16143457
2.49000000  0.25591365 0.16330436
2.50000000  0.25082475 0.16603519
2.51000000  0.25759768 0.16745799
2.52000000  0.25622294 0.16543691
2.53000000  0.26117427 0.16596226
2.54000000  0.26495952 0.17332767
2.55000000  0.26108375 0.17012178
2.56000000  0.26403105 0.16862582
2.57000000  0.26649222 0.17683745
2.58000000  0.26530702 0.17387295
2.59000000  0.26537945 0.17129697
2.60000000  0.27098916 0.17466791
2.61000000  0.27494278 0.17903948
2.62000000  0.27472004 0.17806988
2.63000000  0.28258655 0.18056508
2.64000000  0.27921745 0.17934336
2.65000000  0.27572420 0.18105609
2.66000000  0.28499253 0.18044363
2.67000000  0.28306929 0.18411293
2.68000000  0.28365820 0.18290739
2.69000000  0.29242875 0.18376930
2.70000000  0.28877352 0.18822860
2.71000000  0.29190754 0.18514234
2.72000000  0.29155287 0.18824503
2.73000000  0.29103767 0.19078569
2.74000000  0.29230659 0.19540280
2.75000000  0.30020287 0.19141206
2.76000000  0.29532910 0.19060809
2.77000000  0.30666243 0.19467076
2.78000000  0.30176972 0.19570138
2.79000000  0.30490198 0.19933127
2.80000000  0.30827343 0.19695881
2.81000000  0.30787901 0.19990320
2.82000000  0.31594349 0.20152101
2.83000000  0.32019367 0.20623669
2.84000000  0.31597425 0.20338305
2.85000000  0.32222045 0.20741126
2.86000000  0.32041296 0.20546377
2.87000000  0.32143871 0.20649106
2.88000000  0.32733217 0.20616247
2.89000000  0.32602095 0.21211120
2.90000000  0.32858162 0.21159843
2.91000000  0.32920075 0.21541637
2.92000000  0.33414531 0.21463849
2.93000000  0.33656209 0.21996875
2.94000000  0.33778585 0.21962549
2.95000000  0.34266705 0.22198723
2.96000000  0.34415423 0.21938149
2.97000000  0.34224821 0.22257190
2.98000000  0.34787964 0.22385751
2.99000000  0.34306089 0.22068744
3.00000000  0.36153740 0.22385337
3.01000000  0.35237230 0.22904794
3.02000000  0.35818157 0.23328701
3.03000000  0.35433826 0.23416360
3.04000000  0.35595361 0.23166095
3.05000000  0.36077810 0.23411700
3.06000000  0.36499677 0.23643906
3.07000000  0.36906879 0.24103589
3.08000000  0.36176088 0.23706328
3.09000000  0.37263341 0.24000255
3.10000000  0.37106256 0.23778713
3.11000000  0.37058843 0.23759475
3.12000000  0.38111562 0.24528955
3.13000000  0.38259177 0.24595595
3.14000000  0.38579312 0.24550736
3.15000000  0.39122033 0.25077038
3.16000000  0.38870029 0.25573836
3.17000000  0.39072202 0.25360342
3.18000000  0.39372278 0.25276681
3.19000000  0.39014470 0.25754625
3.20000000  0.40690084 0.25806183
3.21000000  0.40237384 0.26301685
3.22000000  0.40787108 0.26010773
3.23000000  0.40189577 0.25996829
3.24000000  0.40138952 0.26194304
3.25000000  0.40922904 0.26806726
3.26000000  0.42335285 0.26808355
3.27000000  0.42043752 0.27330795
3.28000000  0.42198946 0.27030898
3.29000000  0.42567249 0.27175493
3.30000000  0.41998089 0.27682537
3.31000000  0.42942618 0.28372072
3.32000000  0.43902546 0.28746323
3.33000000  0.43259234 0.28168337
3.34000000  0.44092209 0.28627823
3.35000000  0.43752259 0.29008992
3.36000000  0.44712704 0.29016552
3.37000000  0.44986877 0.29461416
3.38000000  0.45017317 0.29483901
3.39000000  0.44924558 0.29708094
3.40000000  0.45975389 0.29398879
3.41000000  0.46474297 0.29881719
3.42000000  0.46574036 0.30079965
3.43000000  0.46139011 0.29970732
3.44000000  0.46687496 0.30526228
3.45000000  0.46986131 0.30424661
3.46000000  0.47051404 0.30833202
3.47000000  0.47718159 0.30813418
3.48000000  0.47869384 0.30892923
3.49000000  0.48331804 0.30962672
3.50000000  0.48633250 0.31120997
3.51000000  0.49064613 0.32328246
3.52000000  0.49447146 0.32355795
3.53000000  0.48807597 0.32249829
3.54000000  0.49686963 0.32764807
3.55000000  0.50421600 0.33112366
3.56000000  0.50650903 0.33041372
3.57000000  0.50429752 0.32951343
3.58000000  0.51809403 0.33539554
3.59000000  0.51213347 0.33233075
3.60000000  0.51355729 0.33401187
3.61000000  0.53310493 0.34470799
3.62000000  0.52097320 0.34409292
3.63000000  0.53904138 0.34882371
3.64000000  0.52770044 0.35287353
3.65000000  0.53125942 0.35088463
3.66000000  0.53808280 0.35389054
3.67000000  0.54907215 0.35628844
3.68000000  0.54439124 0.36078910
3.69000000  0.54931155 0.36311040
3.70000000  0.55924974 0.36904823
3.71000000  0.54834838 0.36974226
3.72000000  0.56299061 0.37129739
3.73000000  0.56273290 0.37019604
3.74000000  0.57980675 0.37959836
3.75000000  0.55851361 0.37385032
3.76000000  0.57624517 0.37373353
3.77000000  0.57820686 0.38399018
3.78000000  0.58318911 0.38031809
3.79000000  0.58963518 0.39134142
3.80000000  0.59218143 0.39639067
3.81000000  0.59000370 0.39151186
3.82000000  0.60131973 0.40291846
3.83000000  0.60973931 0.39195944
3.84000000  0.60654487 0.39705970
3.85000000  0.61041315 0.40316906
3.86000000  0.62047235 0.40523949
3.87000000  0.61236373 0.40484247
3.88000000  0.60954546 0.42640341
3.89000000  0.62919301 0.41505547
3.90000000  0.62410509 0.42163512
3.91000000  0.63620905 0.41870797
3.92000000  0.65492743 0.41631588
3.93000000  0.63890386 0.42225388
3.94000000  0.65004689 0.43515944
3.95000000  0.64624952 0.43884903
3.96000000  0.65010034 0.42787963
3.97000000  0.67293850 0.43489672
3.98000000  0.66214156 0.43879477
3.99000000  0.68161469 0.44564495
