0.00000000  0.00000000 0.16141363
0.01000000  0.00160567 0.15980288
0.02000000  0.00318217 0.15500778
0.03000000  0.00479942 0.15565997
0.04000000  0.00634889 0.15520784
0.05000000  0.00777551 0.15223865
0.06000000  0.00941377 0.15150439
0.07000000  0.01077725 0.14787559
0.08000000  0.01230980 0.14766994
0.09000000  0.01377357 0.14698375
0.10000000  0.01528860 0.14813378
0.11000000  0.01685958 0.14249921
0.12000000  0.01824522 0.14075002
0.13000000  0.01968638 0.14270680
0.14000000  0.02107836 0.14173402
0.15000000  0.02243958 0.13900620
0.16000000  0.02357309 0.13803749
0.17000000  0.02538157 0.13671910
0.18000000  0.02607624 0.13706943
0.19000000  0.02817555 0.13428473
0.20000000  0.02910504 0.13536718
0.21000000  0.03039982 0.13286648
0.22000000  0.03222211 0.12987961
0.23000000  0.03286099 0.12939150
0.24000000  0.03535315 0.12980595
0.25000000  0.03575932 0.12817842
0.26000000  0.03699290 0.12975165
0.27000000  0.03791915 0.12560044
0.28000000  0.03906593 0.12652177
0.29000000  0.04110211 0.12767923
0.30000000  0.04243844 0.12448649
0.31000000  0.04360642 0.12461158
0.32000000  0.04491514 0.12125955
0.33000000  0.04559728 0.12244048
0.34000000  0.04710133 0.11995704
0.35000000  0.04902911 0.12057930
0.36000000  0.04884834 0.11884276
0.37000000  0.05145297 0.12017928
0.38000000  0.05107658 0.11656392
0.39000000  0.05287405 0.11882050
0.40000000  0.05409374 0.11803150
0.41000000  0.05526371 0.11730504
0.42000000  0.05543502 0.11636384
0.43000000  0.05792147 0.11422408
0.44000000  0.05870929 0.11624644
0.45000000  0.05945273 0.11354294
0.46000000  0.06178473 0.11379445
0.47000000  0.06210840 0.11048011
0.48000000  0.06338092 0.11170722
0.49000000  0.06477104 0.11407213
0.50000000  0.06514332 0.11116181
0.51000000  0.06712592 0.11127515
0.52000000  0.06697064 0.11122747
0.53000000  0.06865257 0.11152355
0.54000000  0.06896251 0.11118040
0.55000000  0.07049359 0.10778883
0.56000000  0.07321795 0.10985128
0.57000000  0.07410869 0.10864346
0.58000000  0.07508337 0.11002903
0.59000000  0.07656938 0.10680321
0.60000000  0.07640448 0.10781513
0.61000000  0.07710017 0.10845766
0.62000000  0.07847733 0.10748412
0.63000000  0.07867480 0.10691283
0.64000000  0.08054562 0.10868512
0.65000000  0.08054829 0.10801700
0.66000000  0.08498086 0.10796557
0.67000000  0.08408193 0.10751058
0.68000000  0.08501280 0.10631052
0.69000000  0.08757301 0.10655102
0.70000000  0.08947950 0.10553429
0.71000000  0.08890039 0.10709313
0.72000000  0.08784579 0.10695196
0.73000000  0.09015942 0.10683827
0.74000000  0.09248666 0.10340229
0.75000000  0.09406796 0.10347686
0.76000000  0.09372737 0.10537181
0.77000000  0.09395262 0.10512074
0.78000000  0.09755283 0.10483674
0.79000000  0.09634840 0.10616871
0.80000000  0.09847923 0.10678950
0.81000000  0.09722140 0.10194244
0.82000000  0.10106969 0.10577963
0.83000000  0.10031009 0.10671025
0.84000000  0.10083496 0.10426750
0.85000000  0.10352717 0.10359227
0.86000000  0.10260553 0.10431033
0.87000000  0.10384647 0.10284092
0.88000000  0.10509360 0.10358803
0.89000000  0.10820933 0.10267707
0.90000000  0.10698210 0.10527834
0.91000000  0.10902054 0.10508762
0.92000000  0.10776065 0.10371475
0.93000000  0.11030287 0.10421751
0.94000000  0.11327434 0.10570989
0.95000000  0.11387538 0.10468767
0.96000000  0.11364506 0.10508323
0.97000000  0.11725847 0.10422476
0.98000000  0.11694939 0.10726633
0.99000000  0.11717110 0.10735211
1.00000000  0.12147207 0.10681108
1.01000000  0.11812594 0.10492215
1.02000000  0.12198275 0.10503526
1.03000000  0.12320040 0.10634413
1.04000000  0.12229539 0.10619585
1.05000000  0.12330382 0.10499145
1.06000000  0.12488496 0.10538611
1.07000000  0.12528911 0.10653965
1.08000000  0.12790213 0.10603231
1.09000000  0.12956681 0.10806179
1.10000000  0.13108963 0.10935176
1.11000000  0.13203475 0.10751476
1.12000000  0.13336808 0.10765282
1.13000000  0.12992659 0.10959670
1.14000000  0.13384652 0.10864083
1.15000000  0.13237577 0.10975258
1.16000000  0.13666286 0.10967646
1.17000000  0.13614131 0.10929131
1.18000000  0.13795205 0.11097984
1.19000000  0.13759464 0.11158555
1.20000000  0.14008440 0.10974386
1.21000000  0.13864024 0.11070756
1.22000000  0.14525235 0.11171278
1.23000000  0.14486596 0.11120849
1.24000000  0.14480961 0.11114906
1.25000000  0.14390513 0.11207243
1.26000000  0.14658635 0.11244375
1.27000000  0.14688359 0.11493396
1.28000000  0.14977676 0.11310458
1.29000000  0.15198696 0.11503533
1.30000000  0.14946931 0.11422287
1.31000000  0.15267381 0.11425160
1.32000000  0.15268673 0.11656127
1.33000000  0.15493569 0.11723043
1.34000000  0.15644041 0.11707383
1.35000000  0.15882737 0.11702544
1.36000000  0.15902692 0.11814714
1.37000000  0.16392192 0.11525679
1.38000000  0.16072969 0.11769947
1.39000000  0.16470222 0.11944839
1.40000000  0.16188259 0.11713134
1.41000000  0.16459196 0.12058575
1.42000000  0.16591855 0.12075915
1.43000000  0.16863977 0.12011899
1.44000000  0.16636315 0.12013495
1.45000000  0.16928331 0.12374577
1.46000000  0.17127013 0.12202110
1.47000000  0.17115114 0.12134195
1.48000000  0.17126949 0.12511972
1.49000000  0.17400761 0.12324068
1.50000000  0.17529214 0.12423019
1.51000000  0.17586475 0.12407740
1.52000000  0.17813737 0.12763248
1.53000000  0.17715267 0.12681826
1.54000000  0.18156307 0.12734544
1.55000000  0.18064951 0.12683713
1.56000000  0.18253883 0.12869306
1.57000000  0.18743443 0.12729007
1.58000000  0.18575020 0.13072888
1.59000000  0.18592679 0.12789127
1.60000000  0.18998669 0.13071107
1.61000000  0.18682975 0.13025005
1.62000000  0.18979025 0.13417768
1.63000000  0.19222484 0.13216647
1.64000000  0.19090058 0.13275092
1.65000000  0.19232355 0.13473540
1.66000000  0.19712400 0.13575076
1.67000000  0.19764313 0.13623229
1.68000000  0.19880542 0.13505740
1.69000000  0.19962642 0.13649577
1.70000000  0.20390735 0.13879229
1.71000000  0.20525548 0.13727881
1.72000000  0.20175201 0.13858954
1.73000000  0.20587103 0.13803646
1.74000000  0.20854458 0.14157490
1.75000000  0.20703914 0.14165286
1.76000000  0.21085181 0.14702328
1.77000000  0.21061090 0.14335487
1.78000000  0.21619545 0.14359673
1.79000000  0.21368954 0.14712984
1.80000000  0.21563362 0.14711166
1.81000000  0.21529496 0.14477667
1.82000000  0.22175479 0.14601190
1.83000000  0.21457589 0.14700992
1.84000000  0.22273347 0.15046434
1.85000000  0.22181036 0.14863436
1.86000000  0.22828926 0.14996721
1.87000000  0.22857330 0.15122270
1.88000000  0.22351160 0.15243517
1.89000000  0.22712679 0.15326169
1.90000000  0.23225463 0.15068037
1.91000000  0.23211143 0.15305452
1.92000000  0.23474911 0.15552622
1.93000000  0.23671645 0.15715896
1.94000000  0.23723039 0.15833103
1.95000000  0.24281922 0.15906739
1.96000000  0.24126479 0.15702366
1.97000000  0.24252086 0.15828271
1.98000000  0.23693178 0.16193478
1.99000000  0.24553576 0.16246756
2.00000000  0.24580331 0.16310496
2.01000000  0.24637927 0.16185366
2.02000000  0.24839964 0.16499987
2.03000000  0.25165845 0.16835902
2.04000000  0.25470765 0.16975234
2.05000000  0.25886266 0.16442975
2.06000000  0.25680404 0.16815722
2.07000000  0.25921856 0.16448772
2.08000000  0.25769577 0.17111685
2.09000000  0.25806200 0.17225451
2.10000000  0.25961602 0.17231225
2.11000000  0.26601728 0.17401770
2.12000000  0.26463605 0.17433531
2.13000000  0.27120495 0.17775799
2.14000000  0.26823839 0.17999051
2.15000000  0.27314610 0.17711316
2.16000000  0.27466536 0.17486730
2.17000000  0.27412609 0.17963489
2.18000000  0.28017963 0.18269969
2.19000000  0.28057256 0.18354665
2.20000000  0.28340934 0.18766203
2.21000000  0.28293460 0.18602795
2.22000000  0.28312639 0.18721053
2.23000000  0.28198414 0.18560657
2.24000000  0.28911239 0.18692361
2.25000000  0.29565329 0.19130857
2.26000000  0.29020428 0.18827592
2.27000000  0.29347513 0.19167955
2.28000000  0.29946797 0.19473614
2.29000000  0.30110711 0.19478054
2.30000000  0.30176834 0.19508536
2.31000000  0.30034194 0.19721399
2.32000000  0.30698619 0.19518820
2.33000000  0.30366010 0.20362449
2.34000000  0.31338783 0.19972765
2.35000000  0.31279394 0.20096485
2.36000000  0.31355125 0.20479444
2.37000000  0.31108430 0.20268501
2.38000000  0.31871174 0.20327684
2.39000000  0.31195099 0.20398781
2.40000000  0.31700741 0.20738712
2.41000000  0.32111126 0.20821454
2.42000000  0.32606196 0.21105483
2.43000000  0.32324233 0.21289333
2.44000000  0.33067256 0.21277923
2.45000000  0.33250604 0.21605840
2.46000000  0.33277508 0.21546793
2.47000000  0.33680278 0.21739153
2.48000000  0.33907451 0.22019165
2.49000000  0.33805129 0.22029424
2.50000000  0.34431740 0.22130095
2.51000000  0.34607628 0.22354228
2.52000000  0.34060354 0.22445611
2.53000000  0.34661570 0.22250377
2.54000000  0.35402464 0.22466816
2.55000000  0.35897084 0.22691108
2.56000000  0.35809070 0.23417799
2.57000000  0.35688143 0.23374943
2.58000000  0.35886083 0.23389874
2.59000000  0.36539254 0.23652752
2.60000000  0.36615579 0.24139636
2.61000000  0.36509145 0.23713325
2.62000000  0.36873273 0.24018952
2.63000000  0.37577687 0.24226109
2.64000000  0.37079651 0.24030827
2.65000000  0.37556006 0.24261659
2.66000000  0.38009852 0.24575788
2.67000000  0.37405252 0.24850870
2.68000000  0.39110424 0.24571377
2.69000000  0.38514923 0.25272652
2.70000000  0.39202864 0.25222621
2.71000000  0.39079483 0.25634199
2.72000000  0.39663953 0.25476123
2.73000000  0.39923470 0.26081313
2.74000000  0.39606587 0.25493483
2.75000000  0.39708919 0.25750801
2.76000000  0.39980580 0.26723558
2.77000000  0.40911385 0.26439829
2.78000000  0.41664094 0.26245168
2.79000000  0.41904411 0.26609955
2.80000000  0.41353655 0.26738091
2.81000000  0.42131835 0.27085952
2.82000000  0.42037659 0.27630187
2.83000000  0.42674872 0.27239854
2.84000000  0.42475907 0.27553631
2.85000000  0.42793113 0.28042961
2.86000000  0.42787622 0.28316031
2.87000000  0.43905158 0.28272934
2.88000000  0.44256606 0.28340560
2.89000000  0.43746257 0.28870369
2.90000000  0.44365991 0.29032035
2.91000000  0.44742559 0.28615541
2.92000000  0.45295558 0.29390558
2.93000000  0.44923385 0.29456494
2.94000000  0.45514527 0.30226650
2.95000000  0.45346816 0.29422487
2.96000000  0.46452045 0.29882303
2.97000000  0.45905240 0.30396663
2.98000000  0.46541237 0.30706689
2.99000000  0.47642895 0.30165213
3.00000000  0.47445463 0.30865239
3.01000000  0.46837785 0.31214889
3.02000000  0.47109643 0.30701490
3.03000000  0.49424455 0.31453149
3.04000000  0.48585993 0.31456277
3.05000000  0.48333683 0.32090699
3.06000000  0.48798852 0.32139897
3.07000000  0.49019766 0.32535405
3.08000000  0.49784131 0.33115034
3.09000000  0.50552746 0.33001270
3.10000000  0.50914836 0.33519222
3.11000000  0.51164635 0.33279986
3.12000000  0.50769565 0.33644598
3.13000000  0.50252133 0.32846643
3.14000000  0.51437046 0.33866515
3.15000000  0.52518545 0.34165271
3.16000000  0.52957157 0.34196629
3.17000000  0.53003342 0.34546577
3.18000000  0.53985374 0.34639904
3.19000000  0.53644731 0.35504292
3.20000000  0.53879913 0.35650401
3.21000000  0.54297629 0.36507991
3.22000000  0.54908018 0.35213321
3.23000000  0.55130065 0.35770235
3.24000000  0.55698815 0.36297918
3.25000000  0.55893498 0.35842520
3.26000000  0.55078060 0.37162875
3.27000000  0.56644643 0.36779461
3.28000000  0.56680002 0.37545604
3.29000000  0.57706986 0.37509079
3.30000000  0.57223644 0.37817543
3.31000000  0.57693200 0.38407380
3.32000000  0.58962751 0.38723154
3.33000000  0.59217109 0.38591869
3.34000000  0.59590361 0.39050947
3.35000000  0.59689967 0.39039104
3.36000000  0.58964813 0.39887053
3.37000000  0.59458507 0.40421576
3.38000000  0.61087892 0.40469000
3.39000000  0.61547755 0.41106104
3.40000000  0.61801007 0.41201117
3.41000000  0.62049764 0.40780723
3.42000000  0.63073236 0.40834289
3.43000000  0.62743562 0.41442721
3.44000000  0.64433380 0.41998385
3.45000000  0.62730401 0.41857496
3.46000000  0.65425569 0.42411246
3.47000000  0.64628636 0.42743460
3.48000000  0.64394072 0.42867499
3.49000000  0.64677539 0.43471623
3.50000000  0.65638406 0.43206073
3.51000000  0.65039234 0.43085150
3.52000000  0.67109636 0.44201702
3.53000000  0.67575426 0.45249346
3.54000000  0.67515566 0.46193542
3.55000000  0.68437781 0.45599748
3.56000000  0.67580759 0.45399303
3.57000000  0.68759085 0.45389911
3.58000000  0.69690595 0.47184805
3.59000000  0.70619440 0.47137658
3.60000000  0.71405500 0.46218999
3.61000000  0.70222733 0.46461270
3.62000000  0.69923560 0.46679920
3.63000000  0.71314136 0.47919191
3.64000000  0.72783176 0.48300573
3.65000000  0.72236433 0.48155052
3.66000000  0.72143834 0.49353934
3.67000000  0.73578483 0.49263827
3.68000000  0.72735354 0.49722110
3.69000000  0.74530511 0.49835113
3.70000000  0.75010072 0.49492047
3.71000000  0.76619186 0.50306692
3.72000000  0.76348001 0.51313671
3.73000000  0.76705294 0.51549092
3.74000000  0.78207964 0.52265557
3.75000000  0.77792789 0.52174036
3.76000000  0.78178198 0.52349366
3.77000000  0.77750736 0.52332231
3.78000000  0.79088461 0.52949931
3.79000000  0.78245666 0.53179346
3.80000000  0.79938120 0.53064764
3.81000000  0.80581307 0.54863364
3.82000000  0.83046538 0.55578389
3.83000000  0.80440352 0.53644239
3.84000000  0.82722944 0.55494926
3.85000000  0.83509138 0.55474285
3.86000000  0.84019482 0.55296350
3.87000000  0.84998919 0.57696238
3.88000000  0.85531573 0.57983271
3.89000000  0.85326234 0.57778193
3.90000000  0.85429993 0.57806370
3.91000000  0.85964143 0.58461829
3.92000000  0.87214186 0.58758441
3.93000000  0.87410515 0.59547772
3.94000000  0.88097752 0.59353823
3.95000000  0.87834764 0.60124711
3.96000000  0.89047198 0.60047662
3.97000000  0.90053740 0.60906687
3.98000000  0.91591514 0.61446433
3.99000000  0.90104264 0.62208064
